RAdeg,DEdeg,F148W,e_F148W,P_F6,P_F10,class
114.6463,21.54528,22.42,0.34,,,
114.6017,21.58849,22.02,0.22,0.801,0.032,C
114.6117,21.55206,21.5,0.14,,,
114.5977,21.59536,22.21,0.25,0.965,0.995,M
114.6102,21.58255,22.04,0.18,,,
114.5805,21.58936,21.9,0.19,0.984,0.994,M
114.6261,21.54176,22.11,0.19,0.992,0.994,M
114.6368,21.57161,21.7,0.17,0.993,0.995,M
114.6417,21.6039,22.42,0.24,0.987,0.994,M
114.6156,21.60505,22.73,0.27,0.987,0.995,M
114.6287,21.59709,21.98,0.24,0.993,0.995,M
114.5849,21.64855,22.5,0.25,0.974,0.995,M
114.5994,21.53698,21.58,0.18,0.916,0.938,M
114.6302,21.61495,21.93,0.17,0.991,0.995,M
114.6249,21.62911,22.93,0.34,0.99,0.995,M
114.6767,21.53918,21.68,0.16,0.977,0.99,M
114.6608,21.55159,22.02,0.21,0.986,0.995,M
114.6187,21.64091,22.89,0.26,0.99,0.995,M
114.6603,21.61314,22.53,0.24,0.989,0.995,M
114.5993,21.55422,21.88,0.18,0.985,0.926,M
114.5868,21.5531,22.01,0.17,0.982,0.994,M
114.6236,21.55094,22.06,0.22,0.983,0.877,M
114.5714,21.54332,22.46,0.24,0.941,0.959,M
114.6102,21.50413,23.18,0.34,0.979,0.972,M
114.535,21.57846,23.24,0.3,0.981,0.994,M
114.6179,21.50673,22.29,0.19,0.978,0.986,M
114.564,21.5516,22.56,0.3,0.964,0.979,M
114.5937,21.5356,22.2,0.25,0.662,0.037,F
114.6224,21.57516,17.59,0.02,0.993,0.994,M
114.6673,21.61513,22.33,0.2,0.989,0.995,M
114.5348,21.59766,23.16,0.33,0.975,0.993,M
114.5559,21.57587,22.97,0.27,0.98,0.992,M
114.5966,21.53757,22.24,0.26,,,
114.6266,21.59136,22.84,0.31,0.993,0.995,M
114.572,21.56925,22.63,0.31,0.634,0.566,F
114.6541,21.61437,22.09,0.19,0.989,0.995,M
114.5745,21.55646,21.39,0.12,,,
114.5633,21.57932,22.32,0.26,0.982,0.994,M
114.585,21.56706,22.02,0.2,0.983,0.995,M
114.5626,21.5844,22.36,0.35,0.975,0.859,M
114.5795,21.57926,21.42,0.16,0.985,0.994,M
114.588,21.56928,22.38,0.24,0.984,0.995,M
114.5889,21.57588,22.14,0.21,0.98,0.994,M
114.6156,21.58076,19.98,0.08,0.03,0.04,F
114.5907,21.58006,22.84,0.32,0.98,0.995,M
114.6054,21.56374,22.16,0.2,0.992,0.995,M
114.6046,21.56936,22.24,0.2,0.99,0.994,M
114.5818,21.58957,22.65,0.24,0.983,0.993,M
114.6083,21.56742,21.96,0.2,0.993,0.995,M
114.5993,21.58172,21.97,0.22,0.88,0.653,C
114.5938,21.59335,22.62,0.23,0.972,0.995,M
114.6108,21.54271,21.97,0.18,0.992,0.995,M
114.569,21.62248,20.2,0.09,,,
114.7849,21.6337,19.64,0.08,,,
114.4525,21.71967,21.76,0.17,,,
114.6075,21.41047,21.99,0.19,,,
114.5638,21.42383,23.22,0.33,,,
114.4862,21.44071,21.56,0.18,,,
114.5293,21.45832,17.77,0.04,,,
114.6057,21.45115,21.71,0.19,,,
114.5444,21.46595,21.86,0.2,,,
114.64,21.46993,22.21,0.18,,,
114.6063,21.47924,22.5,0.24,,,
114.7236,21.48931,22.33,0.21,,,
114.6985,21.49875,22.38,0.22,,,
114.6864,21.50882,20.73,0.1,,,
114.3856,21.57438,22.15,0.22,,,
114.5336,21.55227,21.47,0.14,,,
114.4158,21.58087,22.79,0.28,,,
114.4635,21.58258,16.98,0.03,,,
114.6083,21.57677,16.64,0.02,,,
114.506,21.59513,22.14,0.21,0.978,0.994,M
114.6126,21.59646,17.68,0.02,,,
114.3648,21.67697,22.52,0.27,,,
114.4187,21.67338,19.57,0.06,,,
114.5418,21.66315,22.8,0.25,0.964,0.941,M
114.6445,21.65646,22.39,0.24,0.99,0.995,M
114.7738,21.64487,20.78,0.12,,,
114.6656,21.66689,16.43,0.02,,,
114.5386,21.69607,21.52,0.15,,,
114.5496,21.72293,21.94,0.19,0.964,0.992,M
114.5678,21.73545,18.88,0.04,,,
114.6097,21.73311,22.12,0.18,0.99,0.995,M
114.4127,21.76685,19.47,0.07,,,
114.7418,21.7165,20.68,0.11,,,
114.4964,21.81417,22.42,0.23,,,
114.625,21.39992,23.1,0.31,,,
114.5307,21.43439,21.18,0.12,,,
114.685,21.43914,23.16,0.32,,,
114.605,21.45526,22.6,0.28,0.978,0.986,M
114.6705,21.45084,22.74,0.25,,,
114.4951,21.47964,23.26,0.35,,,
114.7289,21.44383,22.1,0.21,,,
114.5753,21.47264,22.45,0.22,0.933,0.982,M
114.7388,21.44678,22.78,0.34,,,
114.6495,21.47389,22.4,0.22,,,
114.6418,21.4845,22.54,0.26,0.98,0.979,M
114.6834,21.4824,23.07,0.37,,,
114.6741,21.49081,22.64,0.29,0.968,0.979,M
114.657,21.49473,22.67,0.3,,,
114.4192,21.5343,22.45,0.26,,,
114.5452,21.53245,23.08,0.36,,,
114.5825,21.5396,23.93,0.4,,,
114.5178,21.55323,22.26,0.24,,,
114.8031,21.50732,18.66,0.05,,,
114.6791,21.53825,22.68,0.29,0.98,0.916,M
114.6463,21.55139,22.19,0.26,,,
114.6036,21.56452,21.98,0.17,,,
114.6478,21.55731,23.5,0.34,,,
114.7591,21.53963,22.84,0.34,,,
114.4903,21.59181,18.37,0.05,,,
114.5774,21.5824,22.19,0.23,,,
114.5187,21.6226,22.35,0.24,,,
114.7988,21.57686,23.37,0.37,,,
114.8035,21.58491,23.07,0.3,,,
114.7567,21.59583,23.62,0.36,0.99,0.995,M
114.4093,21.6532,21.43,0.14,,,
114.413,21.66058,22.94,0.29,,,
114.4985,21.64717,23.13,0.32,0.447,0.11,F
114.7705,21.60712,23.12,0.33,,,
114.563,21.64894,22.71,0.24,,,
114.6399,21.6505,22.79,0.32,0.99,0.995,M
114.7788,21.65552,17.05,0.03,,,
114.4386,21.71342,23.26,0.32,,,
114.5289,21.7155,23.02,0.34,,,
114.4694,21.7428,21.92,0.21,,,
114.7256,21.70896,19.44,0.06,,,
114.7281,21.7093,23.43,0.34,,,
114.6587,21.77963,21.88,0.17,,,
114.6123,21.41297,22.07,0.23,,,
114.4221,21.45877,23.65,0.35,,,
114.5929,21.47349,23.04,0.28,,,
114.5353,21.49344,22.23,0.22,0.942,0.976,M
114.723,21.48872,22.87,0.33,,,
114.4641,21.54385,22.01,0.25,0.975,0.987,M
114.5792,21.57977,22.28,0.24,,,
114.38,21.64194,23.09,0.36,,,
114.8075,21.59133,23.35,0.38,,,
114.5949,21.63746,23.4,0.38,,,
114.3985,21.67047,23.72,0.35,,,
114.3814,21.67499,22.01,0.29,,,
114.532,21.66054,23.01,0.28,,,
114.4403,21.72233,23.4,0.38,,,
114.4559,21.72734,23.9,0.39,,,
114.4686,21.77963,22.04,0.21,,,
114.5765,21.77734,23.84,0.36,,,
114.7091,21.77067,23.04,0.3,,,
114.5275,21.80297,22.1,0.23,,,
114.723,21.80389,22.5,0.24,,,
114.6323,21.44952,23.24,0.37,0.976,0.99,M
114.5888,21.48983,21.98,0.2,,,
114.6571,21.49532,22.69,0.33,,,
114.6577,21.49564,22.68,0.29,,,
114.5442,21.54258,20.03,0.11,,,
114.4643,21.56592,22.96,0.39,,,
114.5122,21.58414,22.74,0.3,,,
114.4431,21.60071,22.52,0.27,,,
114.5469,21.59525,22.8,0.3,,,
114.8036,21.58579,23.06,0.32,,,
114.7378,21.68234,22.07,0.21,,,
114.6523,21.77762,23.45,0.4,,,
114.4385,21.51961,23.01,0.34,,,
114.4801,21.52234,23.12,0.35,,,
114.6182,21.41523,22.24,0.25,,,
114.5827,21.5984,22.17,0.22,,,
114.5455,21.73659,22.24,0.21,,,
114.5464,21.73667,22.93,0.34,,,
114.6515,21.8269,22.23,0.28,,,
114.6586,21.49614,22.52,0.33,,,
114.551,21.82176,22.74,0.31,,,
114.4955,21.46276,22.54,0.3,,,
114.643,21.44842,22.94,0.37,,,
114.63,21.6504,22.64,0.27,,,
114.5781,21.59198,22.36,0.26,,,
114.4939,21.62801,22.07,0.22,,,
114.7362,21.74807,22.54,0.26,,,
114.6587,21.49561,22.26,0.28,,,
