RAdeg,DEdeg,F169M,F169M_sat,e_F169M,P_F6,P_F10,class
308.6433,28.25829,19.78,,0.08,0.003,0.005,F
308.7407,28.22939,19.88,,0.09,,,
308.6312,28.23331,19.7,,0.1,0.96,0.992,M
308.9526,28.28288,17.86,,0.04,0.732,0.006,C
308.8039,28.35747,20.92,,0.18,0.972,0.994,M
308.74,28.19158,19.04,,0.09,0.964,0.995,M
308.9463,28.35821,22.27,,0.3,,,
308.8802,28.4121,21.03,,0.21,0.939,0.989,M
308.5667,28.33733,20.94,,0.14,0.922,0.988,M
308.7849,28.18226,18.44,,0.13,0.794,0.002,C
308.688,28.22417,19.75,,0.09,0.882,0.881,M
308.8321,28.2673,20.58,,0.14,0.949,0.995,M
308.7271,28.26619,19.88,,0.1,0.659,0.018,F
308.8354,28.23501,18.24,,0.05,0.961,0.99,M
308.6264,28.30733,20.86,,0.16,,,
308.797,28.40219,16.35,,0.02,0.965,0.012,C
308.6271,28.30083,21.88,,0.28,0.021,0.009,F
308.6054,28.27659,18.33,,0.06,0.025,0.049,F
308.7557,28.26639,19.47,,0.1,0.959,0.995,M
308.6052,28.27178,18.96,,0.08,0.964,0.995,M
308.8691,28.36416,20.21,,0.1,0.955,0.994,M
308.853,28.2953,20.88,,0.17,,,
308.6722,28.2308,21.07,,0.18,,,
308.6141,28.24106,19.77,,0.1,0.935,0.995,M
308.7476,28.20438,19.98,,0.1,0.913,0.995,M
308.6486,28.27774,19.58,,0.08,0.962,0.995,M
308.6251,28.24139,18.9,,0.07,0.959,0.004,C
308.5925,28.26258,19.51,,0.1,0.953,0.992,M
308.7422,28.30153,19.16,,0.06,,,
308.7541,28.2897,17.56,,0.03,0.904,0.006,C
308.7782,28.31646,21.87,,0.24,,,
308.7813,28.3479,19.92,,0.09,0.973,0.994,M
308.5955,28.36141,18.16,,0.05,0.927,0.963,M
308.6655,28.29696,21.35,,0.19,0.953,0.995,M
308.9519,28.32136,19.07,,0.08,0.679,0.506,F
308.6515,28.27563,19.43,,0.08,0.011,0.03,F
308.6419,28.23375,21.41,,0.18,0.934,0.995,M
308.6425,28.22846,21.31,,0.21,,,
308.828,28.2696,16.71,,0.02,0.013,0.005,F
308.6377,28.2809,22.21,,0.25,0.936,0.917,M
308.6785,28.26896,18.87,,0.05,0.81,0.002,C
308.9312,28.30774,19.13,,0.08,0.713,0.988,M
308.6012,28.33021,18.89,,0.07,0.854,0.796,M
308.5664,28.28012,19.73,,0.12,0.752,0.001,C
308.8811,28.40468,18.91,,0.06,0.705,0.019,C
308.7002,28.31855,20.88,,0.14,0.802,0.004,C
308.6008,28.25668,19.95,,0.1,0.641,0.005,F
308.9121,28.22682,22.05,,0.3,,,
308.7905,28.29253,18.29,,0.06,0.687,0.005,F
308.9945,28.36654,18.56,,0.06,,,
308.5065,28.40519,19.03,,0.1,0.007,0.015,F
308.7091,28.39102,20.66,,0.17,,,
308.5249,28.32221,19.43,,0.12,,,
308.6172,28.42682,20.38,,0.13,0.966,0.993,M
308.846,28.60116,17.95,,0.03,,,
308.8173,28.56839,19.96,,0.09,,,
308.7086,28.4027,19.0,,0.06,0.936,0.983,M
308.8006,28.57109,21.34,,0.22,0.61,0.959,M
308.7109,28.40929,20.54,,0.13,0.971,0.994,M
308.6019,28.41535,19.77,,0.1,0.973,0.993,M
308.6422,28.41166,19.12,,0.07,0.004,0.012,F
308.6433,28.41782,20.36,,0.11,,,
308.6686,28.35779,19.2,,0.06,0.555,0.016,F
308.5852,28.40614,21.43,,0.2,0.96,0.995,M
308.6345,28.40537,19.83,,0.1,0.291,0.212,F
308.8865,28.43895,18.51,,0.05,0.96,0.016,C
308.7983,28.42806,19.72,,0.07,,,
308.5603,28.41976,19.72,,0.1,0.907,0.987,M
308.5336,28.33978,21.21,,0.19,0.915,0.99,M
308.8745,28.4427,19.21,,0.08,0.97,0.994,M
308.7989,28.65946,18.66,,0.13,0.673,0.956,M
308.6918,28.62815,19.47,,0.1,0.643,0.954,M
308.6545,28.51956,20.43,,0.11,0.0,0.004,F
308.6886,28.49964,21.47,,0.27,0.0,0.0,F
308.7074,28.37581,19.5,,0.09,0.954,0.993,M
308.887,28.61496,19.02,,0.08,,,
308.7158,28.50731,18.35,,0.05,0.431,0.005,F
308.6779,28.52052,23.16,,0.37,,,
308.7798,28.42184,21.17,,0.18,0.973,0.995,M
308.8982,28.46436,21.76,,0.25,,,
308.6578,28.58349,21.3,,0.22,,,
308.9264,28.56871,19.19,,0.07,,,
308.6424,28.36941,18.66,,0.06,0.976,0.994,M
308.7721,28.53297,20.52,,0.12,0.705,0.958,M
308.7728,28.52251,18.21,,0.04,0.615,0.018,F
308.6342,28.49367,19.88,,0.1,0.748,0.975,M
308.6825,28.49388,20.77,,0.13,,,
308.6543,28.3352,20.17,,0.13,,,
308.7766,28.51662,21.72,,0.27,0.708,0.959,M
308.851,28.53567,21.8,,0.27,,,
308.6092,28.49121,18.52,,0.05,0.754,0.032,C
309.0381,28.43108,18.62,,0.09,0.832,0.855,M
308.8612,28.50795,20.75,,0.19,,,
308.5675,28.51875,22.16,,0.27,,,
308.7179,28.37429,19.1,,0.06,,,
308.6426,28.33874,20.4,,0.11,0.888,0.995,M
308.5285,28.47293,20.72,,0.16,0.906,0.983,M
308.7211,28.34084,18.09,,0.05,0.726,0.006,C
308.5367,28.51832,22.85,,0.39,,,
308.5881,28.57105,20.04,,0.12,0.673,0.958,M
308.788,28.5129,,13.4,,,,
308.7166,28.54766,,13.4,,,,
308.6683,28.57424,16.24,,0.02,,,
308.5743,28.52762,19.12,,0.07,,,
308.7664,28.61625,14.95,,0.03,,,
308.894,28.52024,18.84,,0.06,,,
308.6772,28.26395,22.19,,0.21,,,
308.7527,28.32422,19.1,,0.07,,,
308.6652,28.20814,20.12,,0.12,,,
308.7472,28.25732,20.8,,0.17,,,
308.7371,28.22365,15.64,,0.02,,,
308.8236,28.28803,19.43,,0.08,,,
308.8896,28.27922,18.09,,0.04,,,
308.8907,28.27422,20.85,,0.13,,,
308.9426,28.27228,18.47,,0.06,,,
308.602,28.56119,23.23,,0.37,,,
308.6037,28.55642,23.22,,0.36,,,
308.6174,28.54022,18.11,,0.05,,,
308.6901,28.53002,22.92,,0.38,,,
308.7351,28.52375,23.03,,0.34,,,
308.9197,28.61113,19.6,,0.12,0.014,0.004,F
308.7755,28.47669,21.52,,0.21,,,
308.7733,28.43937,19.7,,0.1,,,
308.9316,28.54164,23.16,,0.36,,,
308.9456,28.46448,19.25,,0.08,,,
308.8493,28.29063,21.48,,0.23,,,
308.8261,28.26834,22.88,,0.38,,,
308.6707,28.57521,21.89,,0.3,,,
308.7259,28.56473,22.57,,0.39,,,
308.7072,28.52458,22.91,,0.34,,,
308.8505,28.6352,23.07,,0.36,,,
308.9026,28.60551,22.87,,0.33,,,
308.7808,28.49084,23.13,,0.38,,,
308.5962,28.32867,21.96,,0.28,,,
308.7861,28.402,14.4,,0.01,,,
308.7957,28.34455,21.95,,0.29,,,
308.8832,28.33451,21.77,,0.27,,,
308.8304,28.2703,22.67,,0.35,,,
308.9987,28.3605,23.3,,0.4,,,
308.6136,28.52451,23.31,,0.38,,,
308.7052,28.52667,22.5,,0.32,,,
308.7981,28.39989,22.89,,0.39,,,
308.8017,28.26008,22.8,,0.35,,,
308.9018,28.26876,22.07,,0.25,,,
308.6792,28.50089,23.48,,0.38,,,
308.8499,28.45304,23.52,,0.39,,,
308.5284,28.50964,19.4,,0.19,0.609,0.017,F
308.7074,28.25411,18.28,,0.06,,,
308.7001,28.52449,22.98,,0.39,,,
308.6603,28.44678,19.88,,0.08,,,
308.7035,28.47386,19.66,,0.09,,,
