RAdeg,DEdeg,F148W,F148W_sat,e_F148W,N263M,N263M_sat,e_N263M,P_F6,P_F10,class
118.0221,-38.50516,,,,20.28,,0.1,0.976,0.994,M
118.063,-38.41929,,,,19.06,,0.06,0.968,0.997,M
118.0069,-38.52844,,,,17.73,,0.04,0.967,0.997,M
118.0654,-38.41691,,,,19.41,,0.06,0.952,0.997,M
117.9755,-38.39975,,,,17.62,,0.03,,,
118.1395,-38.58597,,,,20.1,,0.09,0.009,0.01,F
118.0779,-38.51966,,,,17.81,,0.02,,,
118.0552,-38.47566,,,,19.72,,0.08,,,
118.0287,-38.44142,,,,20.32,,0.1,,,
117.9952,-38.53842,,,,16.55,,0.03,,,
117.9707,-38.47539,,,,19.9,,0.08,,,
118.0693,-38.5445,,,,19.03,,0.05,0.969,0.997,M
118.0285,-38.46429,,,,17.6,,0.04,0.957,0.004,C
118.0955,-38.55642,,,,18.9,,0.04,,,
118.0006,-38.38721,,,,21.27,,0.15,0.905,0.991,M
117.9365,-38.47404,,,,18.56,,0.04,0.001,0.002,F
117.9548,-38.33608,,,,20.53,,0.11,,,
118.1247,-38.58825,20.9,,0.16,17.4,,0.03,,,
118.12645,-38.54164,,13.96,,,14.12,,,,
117.9709,-38.44351,,,,17.18,,0.03,,,
118.1172,-38.55008,20.0,,0.09,16.61,,0.02,,,
118.0607,-38.3754,,,,20.37,,0.1,0.915,0.997,M
118.0026,-38.38902,,,,18.87,,0.05,0.907,0.996,M
117.9746,-38.45899,,,,18.73,,0.06,0.974,0.997,M
117.9809,-38.35626,,,,20.52,,0.1,,,
117.9122,-38.35504,,,,20.1,,0.09,,,
117.9331,-38.30138,,,,20.99,,0.13,0.87,0.996,M
118.05,-38.54184,18.33,,0.04,16.06,,0.02,,,
117.9709,-38.36163,,,,21.54,,0.24,,,
117.9317,-38.42393,,,,19.9,,0.07,0.974,0.997,M
118.1406,-38.555,20.88,,0.14,19.35,,0.08,,,
118.0854,-38.47124,,,,19.5,,0.08,0.815,0.977,M
118.0647,-38.45736,,,,19.05,,0.06,,,
118.12685,-38.56052,21.03,,0.16,17.26,,0.03,0.832,0.019,C
118.1007,-38.47522,,,,21.09,,0.15,0.976,0.997,M
118.1055,-38.55816,,,,21.73,,0.21,,,
117.9224,-38.31868,,,,20.04,,0.1,,,
118.075,-38.48366,,,,19.52,,0.07,,,
118.00355,-38.42059,21.34,,0.18,17.95,,0.04,,,
118.0788,-38.52676,,,,17.56,,0.02,,,
118.1229,-38.5519,20.74,,0.13,17.16,,0.04,0.79,0.008,C
118.1036,-38.52555,20.24,,0.09,16.64,,0.02,,,
118.032,-38.45691,,,,20.9,,0.16,0.97,0.997,M
117.999,-38.44253,,,,19.5,,0.07,0.645,0.003,F
118.0945,-38.482,,,,19.3,,0.06,0.952,0.997,M
118.0618,-38.43399,,,,16.82,,0.02,,,
118.0339,-38.42366,,,,17.99,,0.04,0.972,0.997,M
118.0444,-38.40784,,,,18.16,,0.03,,,
118.0976,-38.4847,,,,19.78,,0.08,0.81,0.953,M
117.9813,-38.51785,20.56,,0.11,16.89,,0.02,0.971,0.994,M
118.0816,-38.4932,,,,19.82,,0.08,0.967,0.99,M
118.084,-38.46528,19.87,,0.09,16.89,,0.03,0.978,0.997,M
118.0863,-38.48372,,,,20.41,,0.1,,,
118.1529,-38.44742,,,,17.13,,0.02,,,
118.1095,-38.53218,21.0,,0.18,,,,0.975,0.997,M
118.037,-38.42532,,,,19.02,,0.06,,,
118.1174,-38.54371,20.46,,0.12,16.7,,0.02,,,
118.0582,-38.49654,,,,17.95,,0.04,0.941,0.996,M
118.0053,-38.4261,,,,21.28,,0.14,0.965,0.997,M
117.965,-38.40072,,,,20.58,,0.11,,,
117.94875,-38.45556,20.15,,0.08,16.64,,0.02,,,
118.0715,-38.42954,21.16,,0.18,17.77,,0.04,0.962,0.997,M
118.1393,-38.54511,,,,20.75,,0.13,,,
118.1451,-38.58129,,,,19.16,,0.06,0.967,0.997,M
118.1005,-38.56085,,,,20.05,,0.09,,,
118.0413,-38.44078,,,,20.32,,0.1,,,
118.0483,-38.40959,,,,20.13,,0.11,,,
118.0946,-38.5096,,,,18.29,,0.03,,,
118.0781,-38.53014,,,,19.64,,0.06,0.973,0.997,M
118.1262,-38.53185,20.14,,0.09,,,,,,
118.0037,-38.36771,,,,21.17,,0.14,0.075,0.011,F
118.117,-38.53963,,,,17.08,,0.03,0.978,0.996,M
118.08,-38.45607,,,,18.82,,0.04,0.64,0.007,F
118.119,-38.44177,20.15,,0.09,,,,0.769,0.002,C
118.0628,-38.50768,,,,20.8,,0.15,,,
118.154,-38.56548,,,,19.71,,0.09,0.003,0.009,F
118.1286,-38.55715,,,,18.76,,0.04,0.968,0.997,M
118.1472,-38.57077,20.14,,0.1,16.56,,0.03,,,
117.9796,-38.34535,,,,20.3,,0.09,,,
118.0806,-38.48336,,,,20.03,,0.09,0.438,0.046,F
118.1381,-38.54238,,,,19.07,,0.05,0.964,0.997,M
118.1256,-38.54981,,,,20.07,,0.1,0.972,0.996,M
118.0803,-38.57237,,,,17.67,,0.03,0.044,0.007,F
118.0906,-38.50053,,,,18.88,,0.04,0.001,0.002,F
118.02375,-38.56964,20.87,,0.11,17.09,,0.02,0.982,0.997,M
118.112,-38.52982,,,,19.46,,0.07,,,
118.0856,-38.49262,,,,18.87,,0.06,0.933,0.996,M
117.9766,-38.48094,,,,19.82,,0.08,,,
118.1306,-38.52837,21.23,,0.18,17.6,,0.03,0.977,0.997,M
118.0712,-38.55219,,,,18.09,,0.04,0.975,0.996,M
118.0883,-38.4966,,,,19.48,,0.09,0.968,0.997,M
118.061,-38.53572,19.7,,0.07,16.3,,0.02,0.218,0.013,F
118.008,-38.43057,,,,19.6,,0.08,,,
118.0886,-38.63468,,,,17.68,,0.03,0.977,0.997,M
118.0405,-38.39749,,,,18.16,,0.04,0.955,0.997,M
118.0205,-38.44718,,,,17.91,,0.04,0.971,0.997,M
117.8811,-38.32744,,,,21.02,,0.15,,,
118.0487,-38.51829,,,,18.43,,0.04,,,
118.0621,-38.45473,,,,18.66,,0.06,0.976,0.997,M
118.0753,-38.59545,,,,19.67,,0.07,,,
118.1224,-38.51454,,,,18.17,,0.05,0.978,0.997,M
118.0132,-38.38907,,,,20.06,,0.08,0.002,0.001,F
118.0341,-38.41314,,,,19.61,,0.07,0.971,0.997,M
117.9832,-38.40165,,,,18.9,,0.07,0.981,0.997,M
118.1598,-38.50746,,,,21.69,,0.19,0.001,0.001,F
117.9772,-38.50784,,,,19.77,,0.08,0.975,0.997,M
118.0408,-38.34672,,,,20.12,,0.1,,,
118.1215,-38.60205,,,,17.9,,0.04,0.969,0.997,M
118.1561,-38.58968,20.71,,0.13,,,,0.978,0.997,M
118.0893,-38.58138,19.74,,0.07,16.57,,0.02,,,
117.9269,-38.42757,,,,21.49,,0.16,0.973,0.997,M
118.0009,-38.54571,,,,17.85,,0.03,0.98,0.997,M
118.1176,-38.53308,,,,20.17,,0.1,,,
118.0283,-38.52285,,,,21.4,,0.15,0.938,0.994,M
118.0413,-38.5277,,,,17.51,,0.03,0.841,0.922,M
118.0904,-38.49379,,,,17.69,,0.03,0.968,0.997,M
117.9924,-38.53317,,,,22.29,,0.34,0.945,0.994,M
118.0922,-38.46621,,,,21.41,,0.17,0.001,0.001,F
118.1046,-38.55732,,,,19.22,,0.05,,,
118.0446,-38.58057,,,,21.22,,0.19,0.002,0.003,F
118.0925,-38.49585,,,,18.9,,0.05,0.966,0.997,M
118.109,-38.51859,,,,20.74,,0.14,0.966,0.997,M
118.095,-38.49564,,,,21.44,,0.14,,,
118.0081,-38.54845,,,,17.65,,0.03,0.983,0.997,M
118.007,-38.33579,,,,19.27,,0.07,0.916,0.996,M
118.1467,-38.5719,,,,20.75,,0.13,0.909,0.99,M
117.98575,-38.41361,21.38,,0.15,17.93,,0.04,0.98,0.997,M
118.0554,-38.4138,,,,20.86,,0.13,,,
118.074,-38.48396,,,,19.34,,0.05,,,
117.9949,-38.53252,,,,18.0,,0.04,0.958,0.996,M
118.0979,-38.50884,,,,21.66,,0.21,,,
118.1018,-38.4807,,,,20.2,,0.09,0.962,0.997,M
118.0155,-38.34806,,,,17.3,,0.03,0.826,0.011,C
118.0786,-38.47285,,,,19.69,,0.08,,,
117.8714,-38.40041,,,,21.26,,0.16,,,
117.9527,-38.4591,,,,20.27,,0.08,0.982,0.997,M
118.0528,-38.50436,,,,19.42,,0.05,0.001,0.001,F
118.1262,-38.46889,14.65,,0.01,,,,0.969,0.948,M
118.0046,-38.54576,,,,20.26,,0.13,,,
118.1277,-38.61223,,,,19.61,,0.07,,,
117.998,-38.5312,,,,20.6,,0.12,0.973,0.976,M
117.8694,-38.39381,,,,20.68,,0.12,,,
118.0203,-38.56264,,,,17.15,,0.02,0.98,0.997,M
118.0988,-38.57042,,,,18.71,,0.05,0.968,0.992,M
118.115,-38.52375,,,,19.28,,0.07,0.965,0.997,M
117.8614,-38.38595,,,,19.77,,0.07,0.444,0.97,M
117.9797,-38.50179,,,,20.81,,0.14,0.96,0.997,M
117.8614,-38.38319,,,,20.54,,0.12,0.005,0.002,F
118.1444,-38.56572,,,,21.26,,0.12,,,
118.0816,-38.44485,,,,21.08,,0.15,0.001,0.001,F
118.0421,-38.48778,,,,19.54,,0.07,0.843,0.974,M
118.0328,-38.40354,,,,19.08,,0.06,0.975,0.997,M
117.9011,-38.39488,,,,20.78,,0.12,,,
118.0302,-38.57906,,,,22.0,,0.34,0.919,0.015,C
118.11,-38.48605,20.76,,0.13,,,,,,
118.0983,-38.49917,,,,18.64,,0.05,,,
118.12035,-38.52918,19.45,,0.08,18.45,,0.04,,,
118.0144,-38.54951,,,,20.88,,0.14,,,
117.9101,-38.40844,,,,20.58,,0.1,,,
117.8336,-38.35204,,,,16.65,,0.03,,,
118.0624,-38.41734,20.46,,0.11,17.1,,0.02,0.141,0.013,F
118.1024,-38.64611,19.86,,0.08,,,,0.843,0.007,C
118.1271,-38.61587,,,,19.19,,0.06,,,
118.0123,-38.37602,,,,20.1,,0.09,,,
118.034,-38.57751,,,,18.7,,0.05,0.953,0.995,M
117.9863,-38.3374,,,,19.22,,0.06,,,
118.0094,-38.54122,19.79,,0.08,16.56,,0.02,0.977,0.994,M
118.0816,-38.44538,,,,19.34,,0.06,0.97,0.997,M
118.1643,-38.43473,16.21,,0.03,,,,,,
117.9177,-38.4172,17.7,,0.03,16.43,,0.02,,,
118.0537,-38.43038,,,,20.76,,0.13,,,
117.9208,-38.34308,,,,20.87,,0.12,,,
117.92465,-38.42639,21.13,,0.15,17.93,,0.04,,,
118.103,-38.47249,,,,19.5,,0.08,0.837,0.001,C
118.0861,-38.4791,,,,19.23,,0.06,0.967,0.997,M
118.079,-38.43554,,,,20.21,,0.09,,,
118.1084,-38.50803,,,,21.98,,0.22,,,
117.9854,-38.33507,,,,20.24,,0.11,,,
118.0613,-38.4424,,,,18.04,,0.04,0.965,0.996,M
118.1151,-38.51928,,,,20.89,,0.14,0.834,0.978,M
118.0295,-38.56798,,,,21.78,,0.22,,,
117.9671,-38.47607,,,,19.34,,0.07,,,
118.1438,-38.53108,,,,17.82,,0.04,0.897,0.987,M
118.0459,-38.5936,,,,20.17,,0.1,0.974,0.997,M
118.014,-38.52432,,,,21.3,,0.16,,,
117.9245,-38.44071,,,,17.92,,0.04,0.973,0.996,M
118.1139,-38.60083,,,,18.65,,0.05,0.277,0.005,F
118.1402,-38.52551,,,,18.6,,0.06,0.887,0.009,C
118.0054,-38.44245,,,,19.33,,0.07,0.902,0.002,C
118.131,-38.51082,,,,21.22,,0.17,0.96,0.994,M
118.101,-38.46521,,,,19.61,,0.06,0.861,0.975,M
117.9408,-38.35336,,,,19.46,,0.06,,,
117.9391,-38.46436,20.44,,0.1,,,,0.962,0.997,M
118.0715,-38.32733,,,,18.12,,0.03,,,
118.0838,-38.4412,,,,18.48,,0.04,,,
118.0448,-38.58786,,,,19.6,,0.06,,,
117.9671,-38.39225,,,,21.27,,0.14,,,
118.1181,-38.489,,,,21.61,,0.17,,,
118.1064,-38.36536,,,,20.61,,0.14,,,
118.1225,-38.49676,,,,18.32,,0.04,0.97,0.997,M
118.0273,-38.56072,,,,17.62,,0.03,0.981,0.977,M
117.9739,-38.48176,19.96,,0.1,,,,,,
118.0361,-38.36241,,,,19.33,,0.05,,,
117.9553,-38.4499,,,,20.0,,0.09,,,
118.0629,-38.6133,,,,18.0,,0.04,0.98,0.997,M
118.0803,-38.4377,,,,19.57,,0.08,0.968,0.997,M
117.9467,-38.45236,,,,21.53,,0.17,0.001,0.002,F
118.1172,-38.52613,,,,21.41,,0.17,,,
118.1342,-38.51089,,,,18.1,,0.04,0.977,0.997,M
117.95,-38.47369,20.72,,0.12,17.49,,0.03,0.977,0.997,M
118.12465,-38.49625,21.09,,0.18,17.73,,0.04,0.967,0.997,M
117.9158,-38.35587,,,,20.91,,0.15,0.851,0.995,M
118.012,-38.53727,,,,17.15,,0.02,0.882,0.002,C
117.8851,-38.40808,,,,21.2,,0.15,,,
117.9574,-38.37291,,,,18.38,,0.04,0.936,0.997,M
118.0508,-38.59127,,,,20.12,,0.09,0.978,0.996,M
117.9155,-38.4225,,,,22.16,,0.32,0.105,0.005,F
118.0958,-38.44947,,,,17.83,,0.03,0.957,0.997,M
117.99185,-38.53699,20.6,,0.11,17.24,,0.02,,,
118.0493,-38.58955,20.88,,0.14,17.44,,0.03,0.977,0.997,M
118.1528,-38.53509,,,,18.88,,0.06,0.975,0.001,C
118.0007,-38.4994,,,,17.07,,0.04,0.872,0.94,M
118.0816,-38.43144,,,,20.78,,0.13,,,
117.9586,-38.49271,,,,18.16,,0.05,0.976,0.997,M
118.1141,-38.53028,19.69,,0.08,16.46,,0.02,,,
117.99585,-38.50674,20.15,,0.1,16.83,,0.03,0.976,0.997,M
118.0386,-38.37382,,,,19.74,,0.07,,,
117.9714,-38.51209,,,,21.23,,0.14,0.963,0.996,M
117.9413,-38.4486,,,,19.27,,0.07,0.961,0.995,M
117.9854,-38.49483,,,,20.54,,0.1,,,
117.8841,-38.39516,,,,21.73,,0.19,,,
118.0283,-38.55835,,,,19.66,,0.08,0.961,0.997,M
117.9665,-38.49889,,,,19.57,,0.07,0.963,0.996,M
118.1047,-38.53019,20.62,,0.14,,,,0.963,0.996,M
118.1226,-38.48559,21.74,,0.25,18.08,,0.04,0.974,0.997,M
117.988,-38.53105,,,,18.42,,0.04,,,
118.0571,-38.59577,,,,20.74,,0.13,0.976,0.997,M
118.0028,-38.45038,,,,21.31,,0.16,0.978,0.997,M
117.9824,-38.52236,,,,20.65,,0.13,0.978,0.997,M
118.1076,-38.37696,,,,21.07,,0.12,0.003,0.001,F
118.0697,-38.53289,,,,17.92,,0.04,0.961,0.997,M
118.0221,-38.54481,,,,18.01,,0.04,0.969,0.997,M
117.8807,-38.33139,,,,21.65,,0.21,,,
118.029,-38.48657,,,,20.18,,0.1,0.973,0.997,M
118.16075,-38.53848,20.94,,0.15,17.51,,0.04,0.968,0.997,M
118.01835,-38.53317,19.53,,0.07,16.44,,0.02,0.96,0.995,M
118.1571,-38.53353,,,,19.28,,0.07,,,
118.0996,-38.52415,,,,20.44,,0.1,,,
118.0149,-38.52872,,,,18.78,,0.04,0.969,0.997,M
118.0396,-38.56631,,,,18.55,,0.05,,,
118.0807,-38.6243,,,,19.43,,0.05,,,
118.0943,-38.44281,,,,19.19,,0.06,0.855,0.994,M
118.02025,-38.5379,19.77,,0.07,16.55,,0.02,0.967,0.997,M
117.9681,-38.46142,,,,18.72,,0.06,,,
118.0393,-38.51743,,,,19.3,,0.06,,,
118.0817,-38.54166,19.54,,0.08,,,,,,
118.0405,-38.56648,,,,19.53,,0.08,,,
118.1137,-38.46405,,,,20.94,,0.14,0.001,0.001,F
118.086,-38.52143,,,,20.5,,0.09,0.951,0.997,M
118.15235,-38.51793,21.09,,0.18,17.52,,0.03,0.976,0.997,M
118.0184,-38.54916,,,,20.74,,0.1,0.969,0.997,M
117.9277,-38.40547,,,,21.5,,0.19,,,
117.9636,-38.45781,,,,21.33,,0.14,,,
118.0041,-38.51096,,,,18.22,,0.04,0.004,0.001,F
118.0832,-38.42269,,,,19.88,,0.08,,,
117.9978,-38.50185,,,,18.26,,0.04,0.914,0.002,C
118.0885,-38.54106,21.39,,0.15,17.76,,0.03,0.981,0.997,M
117.9841,-38.4222,20.25,,0.1,,,,,,
118.0652,-38.5274,,,,17.2,,0.03,0.88,0.001,C
118.1176,-38.4078,,,,20.38,,0.12,0.967,0.997,M
117.9965,-38.49536,,,,19.37,,0.06,0.98,0.997,M
118.0531,-38.5411,,,,21.32,,0.16,,,
118.1354,-38.49307,,,,17.94,,0.04,0.978,0.996,M
118.034,-38.35195,,,,20.53,,0.1,0.001,0.002,F
118.1042,-38.44989,,,,18.23,,0.03,0.965,0.997,M
118.0613,-38.51918,,,,16.47,,0.02,,,
117.9741,-38.50421,,,,20.8,,0.13,,,
118.1187,-38.46678,19.85,,0.07,17.04,,0.03,0.001,0.002,F
117.9822,-38.4228,,,,21.33,,0.15,,,
118.1218,-38.47137,19.96,,0.08,16.93,,0.02,0.966,0.989,M
118.074,-38.56478,20.26,,0.1,16.83,,0.02,,,
118.0207,-38.52946,,,,18.47,,0.04,0.97,0.997,M
118.0695,-38.39583,,,,18.78,,0.05,0.931,0.997,M
118.009,-38.46901,,,,21.39,,0.21,0.973,0.997,M
117.9503,-38.3883,,,,18.72,,0.04,,,
117.9895,-38.4834,,,,20.08,,0.06,0.973,0.996,M
118.1586,-38.53433,,,,17.21,,0.04,0.972,0.997,M
118.0401,-38.33563,,,,22.58,,0.37,0.067,0.061,F
118.0386,-38.555,20.12,,0.08,16.41,,0.02,0.982,0.997,M
118.0026,-38.49724,,,,19.42,,0.07,0.001,0.003,F
118.0238,-38.32494,20.85,,0.12,,,,,,
118.0872,-38.62355,21.08,,0.14,,,,,,
118.0534,-38.48724,,,,20.48,,0.09,,,
118.1465,-38.45621,,,,18.88,,0.06,0.888,0.978,M
118.0994,-38.42953,,,,19.17,,0.06,,,
118.1365,-38.44095,,,,19.38,,0.06,0.044,0.025,F
118.0259,-38.36125,,,,22.12,,0.21,,,
118.0155,-38.48335,,,,20.22,,0.09,0.97,0.997,M
118.0341,-38.39675,,,,21.43,,0.14,,,
118.1377,-38.44703,,,,18.17,,0.04,0.973,0.997,M
118.0899,-38.62273,,,,20.69,,0.14,0.975,0.997,M
118.1679,-38.52977,,,,19.38,,0.06,0.059,0.026,F
118.0844,-38.61403,,,,20.56,,0.11,0.909,0.997,M
118.1005,-38.43441,,,,20.66,,0.12,0.977,0.997,M
118.0188,-38.51932,,,,20.11,,0.1,0.969,0.997,M
118.0681,-38.3191,,,,21.67,,0.27,,,
118.0274,-38.55563,19.67,,0.06,,,,,,
118.0798,-38.60768,,,,21.16,,0.15,0.02,0.003,F
117.9492,-38.42363,20.26,,0.11,17.11,,0.03,,,
118.0324,-38.5073,,,,17.49,,0.03,0.966,0.997,M
118.0784,-38.60416,,,,19.93,,0.06,0.95,0.995,M
117.9554,-38.43118,,,,17.64,,0.03,0.983,0.997,M
118.1623,-38.52088,,,,17.46,,0.03,0.954,0.997,M
118.1322,-38.4737,,,,19.98,,0.07,0.79,0.004,C
118.0674,-38.3806,,,,20.85,,0.14,,,
118.0516,-38.56313,,,,20.92,,0.14,0.922,0.995,M
118.0916,-38.41781,,,,18.69,,0.05,0.889,0.002,C
118.0445,-38.55493,,,,19.16,,0.05,,,
118.0398,-38.5473,19.38,,0.06,,,,0.976,0.997,M
117.9816,-38.45857,,,,18.15,,0.05,0.981,0.997,M
118.1633,-38.51821,,,,19.72,,0.08,0.88,0.002,C
118.0175,-38.51075,,,,19.27,,0.06,0.968,0.996,M
118.0876,-38.61406,17.94,,0.03,,,,0.853,0.01,C
118.0463,-38.33854,,,,19.06,,0.05,0.912,0.996,M
118.0903,-38.54562,17.91,,0.03,15.06,,0.02,0.972,0.994,M
118.0199,-38.51652,,,,17.77,,0.03,0.809,0.012,C
118.1137,-38.44245,,,,18.09,,0.03,,,
118.1049,-38.63831,20.44,,0.12,17.36,,0.04,0.969,0.996,M
118.1736,-38.53066,,,,18.63,,0.05,0.009,0.002,F
118.13725,-38.47805,20.78,,0.14,16.82,,0.02,,,
118.12315,-38.45644,21.73,,0.23,18.24,,0.04,0.975,0.997,M
118.016,-38.41279,,,,21.5,,0.19,,,
118.0963,-38.41797,,,,18.9,,0.06,0.963,0.992,M
118.0137,-38.50232,,,,19.36,,0.06,0.971,0.997,M
118.1014,-38.61668,,,,20.08,,0.09,0.972,0.997,M
117.9866,-38.46506,,,,21.29,,0.18,0.001,0.001,F
118.1617,-38.51255,,,,18.0,,0.04,0.979,0.997,M
118.0439,-38.33389,,,,18.25,,0.04,0.002,0.006,F
118.118,-38.44311,,,,20.17,,0.1,0.971,0.997,M
118.0578,-38.56648,,,,19.2,,0.06,0.979,0.997,M
118.0934,-38.60626,21.02,,0.15,17.74,,0.03,0.967,0.997,M
118.0651,-38.56661,,,,19.28,,0.06,0.973,0.997,M
118.1561,-38.50311,,,,19.81,,0.08,0.967,0.997,M
118.0672,-38.57993,20.32,,0.1,,,,0.976,0.995,M
118.0825,-38.39517,,,,20.02,,0.1,0.681,0.008,F
118.1328,-38.4687,,,,18.81,,0.04,0.725,0.934,M
118.0077,-38.48939,,,,18.77,,0.06,0.964,0.994,M
117.9595,-38.40775,,,,17.74,,0.02,,,
118.0467,-38.54988,19.98,,0.08,,,,,,
117.9846,-38.44675,,,,17.72,,0.03,0.977,0.997,M
118.0517,-38.55691,19.53,,0.09,,,,0.023,0.01,F
118.1304,-38.45912,,,,19.16,,0.05,0.98,0.997,M
117.9188,-38.34645,,,,18.54,,0.04,0.941,0.997,M
118.0951,-38.44168,,,,20.94,,0.15,0.97,0.997,M
118.0937,-38.52862,,,,20.03,,0.08,0.966,0.997,M
118.033,-38.52322,,,,20.8,,0.15,0.954,0.997,M
118.0272,-38.51578,,,,17.78,,0.03,0.979,0.997,M
118.0002,-38.47686,,,,19.99,,0.06,,,
117.965,-38.36282,,,,20.8,,0.12,,,
118.0548,-38.55778,,,,20.81,,0.13,0.909,0.997,M
118.1005,-38.62284,,,,20.0,,0.09,0.895,0.99,M
118.0568,-38.55661,,,,21.23,,0.17,0.921,0.995,M
118.08235,-38.59572,20.17,,0.1,16.94,,0.02,0.945,0.997,M
118.11235,-38.42801,21.38,,0.14,20.48,,0.1,,,
118.0867,-38.38993,,,,21.06,,0.19,0.842,0.997,M
118.0117,-38.49398,,,,21.3,,0.14,,,
118.165,-38.50775,,,,20.19,,0.09,0.979,0.997,M
118.0562,-38.33433,,,,18.41,,0.04,0.936,0.993,M
118.0625,-38.34836,20.62,,0.12,19.35,,0.07,,,
118.0298,-38.52025,,,,20.14,,0.07,0.962,0.997,M
118.0076,-38.48453,,,,20.73,,0.12,,,
118.1092,-38.42822,,,,21.16,,0.14,,,
118.163,-38.50346,,,,19.62,,0.08,0.971,0.997,M
118.0978,-38.61974,,,,21.27,,0.15,0.001,0.004,F
118.0033,-38.48031,,,,19.6,,0.06,,,
118.0781,-38.55953,,,,21.4,,0.16,0.956,0.997,M
118.004,-38.48068,,,,19.44,,0.07,,,
117.9841,-38.44459,,,,19.36,,0.05,,,
118.07895,-38.56764,21.35,,0.2,20.46,,0.1,,,
118.1025,-38.62246,,,,21.27,,0.15,,,
118.0747,-38.582,,,,19.44,,0.06,,,
118.058,-38.55579,,,,18.64,,0.04,0.974,0.997,M
118.0571,-38.55402,,,,18.71,,0.05,0.97,0.997,M
118.0652,-38.57558,,,,20.38,,0.09,0.744,0.007,C
118.1136,-38.6376,,,,20.72,,0.13,,,
118.0764,-38.47032,,,,20.89,,0.13,,,
118.0021,-38.47141,,,,18.28,,0.05,0.908,0.009,C
118.1067,-38.55412,,,,19.35,,0.05,0.601,0.007,F
118.1025,-38.40739,20.91,,0.14,17.69,,0.04,0.964,0.997,M
118.1615,-38.48798,,,,20.97,,0.13,,,
118.1064,-38.40596,,,,21.44,,0.18,0.972,0.997,M
118.1224,-38.42821,,,,17.99,,0.04,0.947,0.995,M
118.0511,-38.54359,,,,19.96,,0.1,0.978,0.997,M
117.951,-38.40126,,,,20.12,,0.09,0.001,0.002,F
118.1721,-38.50408,,,,19.82,,0.08,0.966,0.997,M
117.9351,-38.38601,,,,17.22,,0.03,0.943,0.997,M
118.0372,-38.52029,,,,20.21,,0.1,0.962,0.997,M
118.0272,-38.52752,,,,17.78,,0.03,,,
118.1659,-38.49225,,,,20.91,,0.15,,,
118.0988,-38.39661,,,,20.2,,0.09,0.939,0.997,M
118.0169,-38.49256,,,,19.62,,0.07,0.978,0.997,M
118.0589,-38.34726,,,,18.49,,0.05,0.839,0.996,M
118.0313,-38.51332,,,,20.92,,0.16,0.747,0.745,M
118.1615,-38.4838,,,,19.85,,0.08,0.96,0.995,M
118.0807,-38.36519,,,,20.0,,0.08,0.766,0.984,M
118.043,-38.52504,20.79,,0.11,16.54,,0.02,,,
118.1283,-38.57743,,,,19.04,,0.09,0.851,0.002,C
117.9923,-38.45431,,,,21.08,,0.17,,,
118.0745,-38.5805,,,,21.79,,0.22,,,
118.1631,-38.4149,,,,20.61,,0.12,,,
118.1066,-38.64543,19.82,,0.07,19.11,,0.07,,,
118.0238,-38.49435,,,,17.42,,0.03,0.969,0.997,M
117.9999,-38.40605,,,,20.7,,0.12,0.001,0.001,F
117.97895,-38.45961,20.78,,0.15,17.29,,0.03,,,
118.1429,-38.59879,,,,21.09,,0.17,,,
118.0623,-38.55173,,,,18.23,,0.03,0.958,0.997,M
118.0975,-38.62712,19.54,,0.07,,,,,,
118.0132,-38.48002,,,,21.16,,0.15,,,
117.8917,-38.36563,,,,19.08,,0.06,0.733,0.981,M
118.03565,-38.53512,19.8,,0.08,16.61,,0.02,0.953,0.997,M
118.04425,-38.56472,18.61,,0.04,15.7,,0.02,,,
118.1088,-38.61733,,,,19.48,,0.07,0.969,0.997,M
118.0739,-38.56683,,,,20.57,,0.12,0.941,0.995,M
117.97045,-38.44571,20.5,,0.13,17.27,,0.03,0.981,0.997,M
117.9977,-38.52643,19.44,,0.06,,,,,,
118.0535,-38.32436,,,,19.97,,0.1,0.924,0.997,M
118.14215,-38.44682,21.35,,0.16,17.85,,0.04,,,
118.1317,-38.43111,,,,20.82,,0.12,0.98,0.997,M
118.0162,-38.52287,,,,21.17,,0.13,0.972,0.997,M
118.0415,-38.47392,,,,21.38,,0.18,,,
118.0492,-38.31695,,,,21.26,,0.17,0.784,0.996,M
117.8781,-38.33027,,,,21.21,,0.13,,,
118.1147,-38.4081,,,,19.25,,0.06,0.956,0.989,M
118.0761,-38.56722,19.88,,0.08,16.74,,0.02,0.97,0.995,M
118.0653,-38.55216,,,,21.07,,0.15,0.001,0.001,F
118.0555,-38.57973,,,,20.45,,0.12,0.097,0.025,F
118.0406,-38.56082,,,,18.55,,0.05,0.006,0.001,F
118.1026,-38.60511,20.49,,0.12,17.03,,0.03,0.828,0.002,C
118.063,-38.55991,20.43,,0.12,,,,,,
118.0139,-38.47336,,,,16.87,,0.03,,,
118.0735,-38.56059,,,,20.87,,0.12,0.945,0.993,M
118.0225,-38.48545,,,,21.04,,0.15,0.95,0.995,M
118.0604,-38.54069,20.63,,0.11,17.05,,0.02,,,
117.9933,-38.43828,,,,19.17,,0.05,0.978,0.997,M
118.0683,-38.32338,,,,16.72,,0.03,,,
118.0906,-38.62043,,,,17.98,,0.03,0.745,0.919,M
118.0751,-38.33332,,,,20.46,,0.1,0.884,0.995,M
118.071,-38.55645,,,,19.2,,0.07,0.981,0.997,M
118.0913,-38.51467,,,,18.47,,0.05,,,
118.099,-38.59701,,,,18.36,,0.04,0.977,0.997,M
118.0803,-38.52926,,,,16.68,,0.02,,,
118.0747,-38.56024,,,,19.17,,0.06,,,
118.0508,-38.52351,,,,18.51,,0.04,,,
118.0825,-38.46392,,,,18.38,,0.03,0.957,0.997,M
118.0727,-38.61063,,,,20.59,,0.11,,,
118.0533,-38.5299,20.15,,0.1,16.43,,0.02,0.717,0.007,C
118.0734,-38.53524,,,,17.32,,0.02,0.874,0.083,C
118.0424,-38.56596,19.04,,0.06,15.7,,0.02,,,
118.03,-38.53221,,,,19.91,,0.09,0.968,0.997,M
118.1067,-38.45564,,,,18.53,,0.06,0.22,0.01,F
118.0878,-38.57721,,,,19.23,,0.06,,,
118.1383,-38.42458,,,,18.74,,0.05,,,
118.1086,-38.60742,,,,18.02,,0.03,0.957,0.997,M
118.0309,-38.49191,,,,17.78,,0.03,0.975,0.997,M
118.0623,-38.32767,,,,20.66,,0.1,,,
118.1155,-38.39245,,,,20.43,,0.09,0.915,0.996,M
118.0561,-38.31414,,,,21.7,,0.23,,,
118.021,-38.47839,,,,17.85,,0.03,0.972,0.997,M
118.0743,-38.55695,,,,18.0,,0.04,,,
118.043,-38.35889,,,,20.94,,0.16,0.896,0.996,M
118.0503,-38.51789,21.16,,0.17,,,,0.884,0.979,M
118.1606,-38.53998,,,,20.02,,0.1,0.978,0.996,M
118.1208,-38.53919,,,,19.75,,0.1,0.973,0.997,M
117.9593,-38.44475,,,,20.78,,0.15,0.206,0.015,F
118.0559,-38.59181,,,,17.87,,0.03,0.979,0.997,M
118.0866,-38.53456,19.07,,0.06,,,,0.966,0.016,C
118.0455,-38.50987,,,,19.54,,0.08,0.001,0.002,F
118.0639,-38.55901,,,,16.89,,0.02,,,
118.0817,-38.33178,,,,20.36,,0.11,,,
118.05475,-38.38722,20.55,,0.12,17.26,,0.03,0.919,0.996,M
118.0198,-38.47385,,,,17.36,,0.03,0.979,0.997,M
118.0014,-38.41626,,,,19.17,,0.06,0.001,0.002,F
118.0466,-38.51285,,,,17.23,,0.02,0.886,0.002,C
118.0616,-38.53088,19.44,,0.07,16.05,,0.02,,,
118.0971,-38.58491,,,,18.43,,0.04,0.199,0.019,F
118.06,-38.42221,,,,20.15,,0.08,0.969,0.997,M
118.12275,-38.5532,19.56,,0.08,16.18,,0.03,,,
118.1479,-38.50576,,,,19.14,,0.06,0.965,0.024,C
117.8916,-38.33282,,,,21.96,,0.24,,,
118.1357,-38.41141,,,,20.55,,0.12,,,
117.9876,-38.41776,,,,17.92,,0.03,0.957,0.995,M
117.8898,-38.41433,,,,19.4,,0.06,,,
118.0501,-38.47013,,,,20.34,,0.12,0.001,0.003,F
117.9813,-38.46252,,,,20.5,,0.1,,,
118.0159,-38.51535,,,,20.24,,0.1,0.945,0.994,M
118.0256,-38.52968,19.27,,0.06,15.96,,0.02,,,
118.0923,-38.34217,,,,18.46,,0.04,0.916,0.996,M
117.9273,-38.41901,,,,18.13,,0.04,0.979,0.997,M
118.0602,-38.6057,,,,18.52,,0.05,0.97,0.997,M
118.108,-38.47408,,,,18.41,,0.04,0.955,0.997,M
118.1431,-38.53159,,,,18.0,,0.04,,,
118.1242,-38.38964,,,,17.61,,0.03,0.887,0.997,M
118.0353,-38.49157,,,,17.17,,0.03,0.978,0.997,M
117.9949,-38.42586,,,,17.83,,0.04,0.975,0.098,C
118.0406,-38.49633,,,,20.58,,0.1,,,
117.9037,-38.39971,,,,20.37,,0.1,,,
118.0805,-38.61471,,,,16.89,,0.03,0.916,0.994,M
118.1282,-38.62405,,,,18.28,,0.04,0.949,0.996,M
118.1159,-38.37388,,,,19.02,,0.05,0.008,0.043,F
117.9605,-38.45796,,,,20.52,,0.11,,,
118.0695,-38.53888,,,,19.88,,0.08,,,
118.0952,-38.55219,,,,21.12,,0.14,,,
117.9561,-38.37603,,,,19.3,,0.08,,,
117.9954,-38.43388,,,,18.82,,0.05,0.978,0.997,M
118.0787,-38.5497,20.75,,0.12,,,,0.911,0.99,M
118.123,-38.61431,,,,20.62,,0.12,0.971,0.996,M
118.0377,-38.48894,,,,19.72,,0.1,0.973,0.997,M
118.0446,-38.3122,,,,21.46,,0.17,0.254,0.008,F
118.129,-38.38777,,,,19.09,,0.06,0.919,0.997,M
118.1173,-38.3711,,,,21.57,,0.21,,,
117.9573,-38.45719,,,,18.75,,0.04,,,
118.0781,-38.43614,,,,21.38,,0.19,,,
118.0008,-38.5389,,,,17.77,,0.03,0.974,0.997,M
118.0233,-38.46798,,,,20.27,,0.07,,,
117.8304,-38.35989,,,,21.52,,0.22,0.006,0.002,F
118.1164,-38.37752,,,,20.43,,0.09,,,
117.968,-38.378,,,,20.17,,0.09,,,
118.086,-38.62498,,,,19.55,,0.05,,,
118.0338,-38.53954,,,,19.85,,0.07,0.976,0.997,M
117.935,-38.44446,,,,18.31,,0.04,0.977,0.997,M
118.0982,-38.52475,,,,17.87,,0.03,0.975,0.997,M
117.8443,-38.3773,,,,21.44,,0.14,,,
118.0586,-38.51807,,,,18.08,,0.04,0.949,0.997,M
118.1642,-38.42382,,,,21.23,,0.18,,,
118.135,-38.52319,,,,19.69,,0.08,,,
118.0976,-38.42851,,,,19.17,,0.06,0.978,0.997,M
117.9949,-38.5286,,,,19.07,,0.06,0.971,0.997,M
117.9937,-38.41199,,,,18.21,,0.04,,,
118.0594,-38.41753,,,,19.82,,0.04,,,
117.9974,-38.53221,,,,19.28,,0.07,0.972,0.997,M
118.0298,-38.37744,,,,18.36,,0.03,0.93,0.996,M
118.0649,-38.52392,19.66,,0.07,16.33,,0.02,,,
118.0491,-38.49948,,,,18.29,,0.04,0.959,0.997,M
118.1051,-38.64491,20.33,,0.1,,,,0.97,0.997,M
117.8641,-38.33805,,,,20.6,,0.11,,,
118.111,-38.49583,,,,19.29,,0.06,,,
118.0067,-38.54644,,,,20.38,,0.09,0.976,0.997,M
118.0587,-38.50962,,,,20.99,,0.13,0.957,0.997,M
117.9921,-38.52699,,,,21.0,,0.14,,,
118.0846,-38.54559,,,,18.07,,0.03,,,
118.1665,-38.4206,,,,18.62,,0.04,0.98,0.997,M
118.12105,-38.61461,19.71,,0.07,16.19,,0.02,0.978,0.993,M
117.9946,-38.53564,20.51,,0.14,,,,0.97,0.997,M
118.0963,-38.48633,19.1,,0.05,,,,,,
118.1245,-38.51559,,,,21.52,,0.18,0.971,0.997,M
118.1656,-38.42047,,,,21.09,,0.19,0.948,0.995,M
118.018,-38.48588,,,,20.96,,0.15,0.971,0.997,M
118.1118,-38.49742,,,,19.86,,0.07,,,
117.9573,-38.36681,,,,20.88,,0.15,,,
117.9993,-38.50356,,,,16.15,,0.02,,,
118.1726,-38.43385,,,,16.74,,0.03,0.001,0.006,F
118.0588,-38.49433,,,,16.1,,0.04,0.162,0.011,F
117.9993,-38.42513,21.3,,0.2,17.92,,0.04,0.978,0.997,M
118.0489,-38.49263,,,,16.76,,0.02,0.847,0.006,C
118.0246,-38.53896,,,,20.0,,0.1,,,
118.0769,-38.52989,21.3,,0.16,17.64,,0.04,0.207,0.124,F
117.9516,-38.34309,,,,20.5,,0.12,,,
117.8599,-38.33956,,,,17.08,,0.02,,,
118.1061,-38.57751,,,,17.83,,0.03,0.97,0.997,M
118.1395,-38.42878,,,,21.53,,0.2,0.957,0.996,M
118.1008,-38.56568,,,,21.1,,0.15,0.966,0.979,M
118.0798,-38.45434,,,,18.95,,0.05,0.976,0.996,M
118.14005,-38.59376,19.22,,0.06,16.16,,0.03,,,
118.0903,-38.54966,,,,18.82,,0.05,,,
118.0869,-38.63532,,,,18.11,,0.04,0.981,0.997,M
117.8692,-38.35814,,,,19.58,,0.07,0.797,0.979,M
118.0306,-38.32879,,,,18.96,,0.05,0.929,0.997,M
117.9529,-38.34392,,,,21.9,,0.24,,,
118.1447,-38.54989,,,,19.11,,0.06,0.928,0.996,M
118.1782,-38.48505,,,,20.73,,0.12,,,
118.094,-38.34352,,,,21.18,,0.2,,,
118.1438,-38.57455,,,,19.61,,0.08,0.944,0.997,M
117.8728,-38.35388,,,,19.14,,0.06,,,
118.017,-38.51735,,,,17.64,,0.04,0.973,0.997,M
118.143,-38.57362,19.88,,0.1,16.2,,0.02,0.035,0.003,F
118.1571,-38.60374,21.2,,0.16,,,,0.879,0.001,C
118.1256,-38.59765,,,,17.85,,0.04,0.981,0.996,M
118.1274,-38.49037,,,,21.09,,0.14,0.966,0.997,M
117.9755,-38.38416,,,,20.62,,0.11,,,
117.8657,-38.32783,,,,19.58,,0.09,0.006,0.007,F
118.1443,-38.55258,19.8,,0.09,16.4,,0.02,,,
118.0609,-38.55982,,,,18.96,,0.05,,,
118.1739,-38.51291,,,,21.47,,0.19,,,
118.072,-38.52091,,,,18.72,,0.05,,,
118.0902,-38.47208,,,,17.79,,0.03,0.665,0.004,F
118.1039,-38.56212,21.24,,0.16,16.78,,0.03,,,
117.8501,-38.36105,,,,19.6,,0.06,0.591,0.97,M
118.03415,-38.55762,20.22,,0.1,16.65,,0.02,0.979,0.997,M
118.0851,-38.53781,,,,18.86,,0.05,0.102,0.012,F
118.1388,-38.62562,19.81,,0.1,,,,,,
118.1087,-38.55884,19.27,,0.06,16.33,,0.02,0.838,0.003,C
118.1095,-38.57149,19.75,,0.1,,,,0.777,0.002,C
117.8714,-38.36708,,,,20.43,,0.1,,,
118.0419,-38.47118,,,,20.28,,0.1,0.944,0.997,M
118.0477,-38.47988,,,,19.53,,0.06,0.966,0.997,M
118.0863,-38.5363,,,,17.33,,0.04,0.952,0.99,M
117.9117,-38.3034,,,,20.96,,0.14,,,
117.8673,-38.37017,,,,21.57,,0.16,0.702,0.974,M
118.1269,-38.51368,,,,21.53,,0.18,0.925,0.996,M
118.0236,-38.44377,,,,17.14,,0.03,0.974,0.997,M
118.0749,-38.41348,21.02,,0.15,17.79,,0.04,0.954,0.988,M
117.9037,-38.3824,,,,21.08,,0.15,,,
118.0304,-38.55603,,,,19.77,,0.07,,,
118.1192,-38.52202,,,,20.58,,0.12,,,
118.149,-38.56506,,,,18.73,,0.05,0.864,0.013,C
118.1433,-38.58433,,,,17.02,,0.02,0.977,0.997,M
118.1135,-38.57454,,,,20.35,,0.09,0.943,0.997,M
118.1032,-38.55103,,,,17.7,,0.03,,,
118.1076,-38.56674,,,,19.74,,0.06,,,
118.0163,-38.43466,,,,20.28,,0.08,0.97,0.997,M
118.0252,-38.37823,,,,20.43,,0.1,,,
118.0443,-38.47161,,,,16.82,,0.02,0.8,0.002,C
117.9503,-38.3228,,,,19.66,,0.09,0.921,0.996,M
118.1023,-38.52775,,,,21.46,,0.18,,,
117.9653,-38.45961,,,,18.87,,0.05,0.982,0.997,M
117.9447,-38.46876,,,,19.76,,0.1,0.97,0.997,M
117.9444,-38.4698,,,,20.99,,0.14,,,
117.8957,-38.32011,,,,19.86,,0.07,0.003,0.002,F
118.1227,-38.58592,,,,17.74,,0.03,0.975,0.997,M
118.1588,-38.51395,,,,18.5,,0.05,0.952,0.996,M
117.9136,-38.44238,20.48,,0.09,19.0,,0.05,,,
117.9176,-38.40163,,,,18.8,,0.06,0.98,0.997,M
118.0933,-38.64491,,,,21.6,,0.19,,,
118.0504,-38.47841,,,,18.35,,0.04,0.85,0.015,C
118.1234,-38.5849,,,,21.26,,0.2,0.96,0.996,M
118.0929,-38.54042,,,,18.61,,0.04,0.979,0.997,M
117.8656,-38.32842,,,,18.39,,0.04,0.829,0.972,M
118.0567,-38.45063,,,,21.05,,0.15,0.7,0.011,C
117.9676,-38.28671,,,,20.74,,0.09,,,
118.05,-38.47741,,,,18.24,,0.04,0.358,0.009,F
118.1505,-38.51784,,,,22.42,,0.34,0.002,0.001,F
118.1167,-38.57202,,,,20.67,,0.12,,,
118.03265,-38.52616,20.33,,0.12,16.46,,0.02,,,
118.1467,-38.59346,,,,21.17,,0.16,,,
117.952,-38.3546,,,,22.01,,0.2,,,
117.9689,-38.49369,,,,20.84,,0.14,,,
118.08,-38.52035,,,,18.75,,0.05,0.974,0.934,M
117.8834,-38.32833,,,,20.38,,0.11,,,
118.1678,-38.5133,,,,21.63,,0.19,,,
118.1304,-38.59149,,,,18.28,,0.04,0.979,0.997,M
117.8422,-38.34294,,,,21.4,,0.18,0.006,0.002,F
118.0733,-38.56355,19.14,,0.06,16.32,,0.02,,,
118.0285,-38.52977,,,,18.27,,0.04,0.968,0.997,M
118.07385,-38.50798,21.51,,0.2,18.04,,0.03,0.959,0.997,M
118.0712,-38.50237,,,,18.86,,0.04,,,
118.0619,-38.51964,19.92,,0.07,,,,,,
118.0171,-38.51585,,,,19.73,,0.06,0.928,0.992,M
118.071,-38.52921,,,,20.74,,0.12,0.922,0.996,M
117.9628,-38.33304,,,,20.75,,0.1,,,
118.0278,-38.39719,,,,20.03,,0.09,0.676,0.013,F
117.9993,-38.52003,19.88,,0.07,16.58,,0.02,0.98,0.997,M
118.0744,-38.50558,,,,16.92,,0.03,0.978,0.996,M
118.0421,-38.51448,,,,19.49,,0.06,,,
118.0985,-38.54266,,,,19.25,,0.05,0.971,0.997,M
118.0651,-38.51232,,,,19.14,,0.06,,,
118.0365,-38.54428,20.47,,0.11,16.83,,0.02,,,
118.0556,-38.48011,,,,16.89,,0.02,0.128,0.111,F
117.9702,-38.29175,,,,21.88,,0.23,0.92,0.996,M
118.1447,-38.59827,,,,20.98,,0.14,,,
117.9871,-38.30706,,,,20.97,,0.12,,,
118.0918,-38.52735,,,,17.71,,0.03,0.966,0.997,M
118.091,-38.51515,,,,18.54,,0.05,0.803,0.015,C
118.0669,-38.50654,,,,19.6,,0.07,,,
118.0101,-38.50566,,,,19.54,,0.06,,,
118.0854,-38.51714,,,,18.74,,0.04,0.974,0.997,M
118.0204,-38.50331,,,,16.2,,0.02,0.976,0.997,M
118.0327,-38.50351,,,,19.53,,0.06,,,
118.0553,-38.60388,,,,18.91,,0.05,0.705,0.01,C
117.906,-38.33035,,,,21.19,,0.15,,,
118.0063,-38.53036,,,,18.5,,0.05,,,
118.01665,-38.56438,20.74,,0.12,17.52,,0.04,0.001,0.003,F
118.0489,-38.46669,,,,20.92,,0.12,0.001,0.001,F
117.9986,-38.38582,,,,21.02,,0.12,,,
118.1002,-38.53899,,,,18.23,,0.04,,,
118.0596,-38.57242,,,,21.38,,0.14,,,
118.0813,-38.51295,,,,21.08,,0.17,0.931,0.996,M
117.9995,-38.50902,19.89,,0.09,,,,,,
118.1202,-38.5669,,,,21.66,,0.23,0.095,0.014,F
118.1655,-38.49741,20.8,,0.15,16.68,,0.02,,,
118.0375,-38.54283,,,,18.17,,0.04,0.972,0.997,M
118.0425,-38.54178,,,,18.92,,0.05,0.979,0.976,M
117.9964,-38.39243,,,,18.5,,0.04,,,
118.1062,-38.54622,,,,21.68,,0.19,,,
118.0465,-38.53809,19.92,,0.09,,,,,,
118.1371,-38.59477,,,,21.39,,0.16,0.78,0.02,C
118.0546,-38.53516,,,,20.83,,0.12,0.962,0.997,M
118.137,-38.59056,18.18,,0.03,18.17,,0.04,,,
118.0685,-38.53241,20.05,,0.09,,,,0.961,0.995,M
118.0658,-38.51524,,,,19.22,,0.08,,,
118.0987,-38.53954,,,,19.43,,0.06,0.945,0.996,M
117.9968,-38.39024,,,,21.06,,0.15,0.816,0.996,M
117.9982,-38.39263,,,,19.19,,0.07,0.934,0.997,M
118.0325,-38.54403,,,,19.3,,0.05,,,
118.137,-38.49312,21.33,,0.14,17.21,,0.03,0.927,0.984,M
117.9088,-38.32549,,,,20.71,,0.12,,,
118.0641,-38.4894,,,,22.24,,0.3,,,
118.0592,-38.51341,,,,17.22,,0.02,0.971,0.997,M
118.0688,-38.48569,,,,16.99,,0.04,0.904,0.002,C
118.1104,-38.51623,15.27,,0.02,,,,0.681,0.007,F
118.0597,-38.48737,,,,19.8,,0.08,0.969,0.997,M
118.1115,-38.55035,,,,21.73,,0.2,,,
118.0663,-38.49359,,,,16.52,,0.02,,,
118.0669,-38.52954,,,,16.15,,0.02,0.794,0.002,C
118.11015,-38.54751,20.76,,0.12,17.38,,0.03,0.964,0.996,M
118.0544,-38.49544,,,,17.72,,0.04,0.97,0.997,M
118.0867,-38.62198,,,,21.24,,0.19,,,
118.0732,-38.48046,,,,19.3,,0.06,0.957,0.997,M
117.9103,-38.37282,,,,20.85,,0.17,0.062,0.011,F
118.0862,-38.51992,,,,19.06,,0.04,,,
118.12325,-38.56538,20.39,,0.09,16.94,,0.02,,,
117.9873,-38.48418,,,,17.62,,0.03,,,
118.0618,-38.4892,,,,19.75,,0.08,0.001,0.001,F
118.043,-38.49236,,,,20.97,,0.13,0.967,0.997,M
117.9629,-38.351,,,,18.6,,0.05,0.918,0.996,M
118.1254,-38.50449,,,,18.77,,0.05,0.97,0.997,M
117.8869,-38.33642,,,,21.21,,0.15,,,
117.9495,-38.30235,,,,17.97,,0.04,0.917,0.996,M
118.0284,-38.53275,,,,19.62,,0.07,0.831,0.006,C
118.0736,-38.49016,,,,19.34,,0.05,0.956,0.997,M
117.9757,-38.34659,,,,20.45,,0.1,0.872,0.989,M
117.9558,-38.30961,,,,19.95,,0.09,0.892,0.996,M
117.932,-38.63895,,,,18.8,,0.04,0.984,0.996,M
117.9665,-38.53137,,,,20.52,,0.11,0.974,0.997,M
118.0815,-38.65692,19.58,,0.08,16.64,,0.03,0.919,0.953,M
117.8749,-38.68393,,,,21.18,,0.16,,,
117.7837,-38.54495,,,,19.24,,0.05,0.658,0.987,M
118.0073,-38.64004,,,,21.0,,0.17,,,
117.8577,-38.41486,,,,19.78,,0.07,0.643,0.97,M
117.8966,-38.51129,21.26,,0.17,17.84,,0.04,0.97,0.995,M
117.87385,-38.47846,21.28,,0.18,17.84,,0.03,0.931,0.994,M
117.8748,-38.43388,,,,18.98,,0.04,0.916,0.975,M
117.9213,-38.50492,20.63,,0.11,,,,,,
117.9387,-38.54169,,,,19.2,,0.06,0.001,0.001,F
117.9001,-38.50837,,,,21.04,,0.14,,,
117.8191,-38.687,,,,20.15,,0.11,,,
117.9324,-38.51583,,,,19.01,,0.06,0.975,0.997,M
117.9612,-38.55817,,,,18.42,,0.04,0.984,0.997,M
117.8984,-38.47575,,,,19.98,,0.08,0.976,0.996,M
117.9503,-38.54277,,,,21.43,,0.16,,,
117.9556,-38.50419,,,,19.04,,0.04,0.976,0.997,M
117.9412,-38.56275,,,,17.94,,0.04,,,
117.8672,-38.60502,,,,21.88,,0.21,,,
118.06995,-38.66189,21.07,,0.18,17.26,,0.03,,,
118.0379,-38.67008,,,,21.19,,0.14,0.97,0.994,M
117.9191,-38.59523,,,,19.41,,0.06,0.986,0.997,M
117.9446,-38.53669,,,,19.74,,0.08,0.953,0.996,M
118.0016,-38.58779,,,,18.5,,0.04,0.982,0.997,M
117.9145,-38.60124,,,,20.37,,0.11,0.943,0.993,M
117.8899,-38.57697,,,,17.1,,0.02,,,
117.9391,-38.53149,,,,21.34,,0.18,,,
117.9582,-38.56127,,,,20.5,,0.1,0.98,0.997,M
118.0125,-38.63757,,,,21.49,,0.15,0.001,0.001,F
117.9001,-38.61364,,,,20.97,,0.12,0.98,0.996,M
117.8811,-38.46057,,,,20.53,,0.12,0.937,0.994,M
118.0139,-38.69186,,,,19.53,,0.07,,,
117.9388,-38.5743,,,,20.41,,0.09,0.955,0.997,M
117.9097,-38.50389,,,,21.28,,0.15,,,
117.92475,-38.53244,20.15,,0.09,16.57,,0.02,0.975,0.997,M
117.8142,-38.60627,,,,21.47,,0.2,0.007,0.001,F
117.9689,-38.53181,,,,20.93,,0.16,,,
117.8754,-38.47137,,,,18.16,,0.03,0.944,0.994,M
118.0312,-38.63637,,,,19.43,,0.07,0.955,0.997,M
117.946,-38.56481,,,,17.7,,0.03,0.982,0.996,M
118.028,-38.67483,,,,19.92,,0.08,,,
117.8521,-38.50325,,,,21.42,,0.15,0.572,0.981,M
118.0213,-38.67781,,,,20.04,,0.1,0.257,0.261,F
117.8717,-38.44875,,,,21.25,,0.14,,,
117.8868,-38.62652,,,,21.18,,0.15,,,
117.92,-38.52983,,,,18.74,,0.05,,,
118.0197,-38.67423,,,,18.75,,0.05,0.579,0.069,F
117.85035,-38.4198,21.01,,0.15,17.34,,0.03,0.477,0.969,M
117.8949,-38.61786,20.72,,0.13,17.27,,0.02,0.982,0.995,M
117.8421,-38.53026,,,,18.92,,0.05,0.548,0.987,M
118.01485,-38.69318,20.6,,0.1,16.94,,0.04,,,
117.9211,-38.58757,,,,19.57,,0.05,0.976,0.997,M
117.8576,-38.66427,,,,20.11,,0.09,,,
117.7985,-38.55008,,,,18.18,,0.04,0.76,0.991,M
117.9981,-38.63284,20.22,,0.1,16.45,,0.02,,,
117.91875,-38.59254,21.36,,0.18,17.19,,0.02,,,
117.7368,-38.54008,,,,19.94,,0.08,0.573,0.988,M
118.0404,-38.65073,,,,17.8,,0.04,,,
117.9801,-38.58296,,,,21.32,,0.2,,,
118.0113,-38.65058,,,,19.96,,0.08,0.916,0.985,M
117.9812,-38.54015,,,,18.77,,0.05,,,
117.9942,-38.62846,,,,21.2,,0.14,,,
117.9542,-38.57121,,,,19.87,,0.08,,,
117.9085,-38.5138,,,,21.33,,0.16,0.972,0.997,M
117.8712,-38.66871,,,,20.49,,0.11,,,
117.9402,-38.58728,,,,19.64,,0.08,0.986,0.997,M
117.9439,-38.58073,,,,19.76,,0.07,0.979,0.997,M
117.957,-38.50922,,,,20.25,,0.09,0.977,0.997,M
117.9177,-38.52439,,,,20.12,,0.08,,,
117.9398,-38.58615,,,,21.59,,0.19,0.985,0.995,M
117.9133,-38.51713,,,,18.55,,0.04,0.979,0.997,M
117.7777,-38.50896,,,,19.46,,0.07,,,
117.9458,-38.68039,,,,20.03,,0.1,0.007,0.024,F
117.9025,-38.63476,,,,22.28,,0.33,,,
117.8642,-38.67914,,,,18.43,,0.06,0.76,0.939,M
117.7445,-38.498,,,,21.05,,0.12,,,
117.8514,-38.62096,,,,20.94,,0.14,,,
118.0716,-38.63966,,,,18.05,,0.04,0.972,0.997,M
117.8987,-38.61636,,,,20.05,,0.09,0.001,0.002,F
117.8805,-38.58099,,,,20.94,,0.11,,,
118.0263,-38.66127,,,,19.05,,0.06,0.977,0.996,M
118.0662,-38.642,,,,19.62,,0.06,0.978,0.996,M
117.7592,-38.54173,,,,19.97,,0.07,,,
117.9067,-38.59289,,,,20.3,,0.1,0.986,0.997,M
117.8855,-38.60243,,,,20.66,,0.11,,,
118.0404,-38.59829,,,,19.13,,0.07,,,
117.795,-38.44406,,,,20.68,,0.1,,,
118.069,-38.6354,,,,19.5,,0.06,,,
118.0351,-38.67687,20.69,,0.11,19.31,,0.07,,,
117.9185,-38.60735,,,,20.74,,0.14,0.978,0.996,M
117.8899,-38.6164,,,,20.99,,0.1,,,
117.9157,-38.65308,21.63,,0.22,18.25,,0.04,0.983,0.996,M
117.8606,-38.49638,,,,21.07,,0.15,,,
118.0115,-38.56969,,,,17.86,,0.03,,,
117.8777,-38.59916,,,,20.77,,0.14,,,
117.9244,-38.66545,,,,20.08,,0.08,0.983,0.996,M
117.9377,-38.49672,,,,21.24,,0.18,0.966,0.995,M
117.8455,-38.52932,,,,21.28,,0.15,,,
117.7717,-38.61509,,,,19.85,,0.08,,,
117.779,-38.60592,,,,21.76,,0.24,0.024,0.015,F
118.0574,-38.65477,,,,21.55,,0.16,,,
117.7989,-38.4754,,,,21.33,,0.16,0.005,0.024,F
117.8891,-38.45391,,,,21.18,,0.17,,,
117.8102,-38.42048,,,,16.46,,0.02,,,
117.7612,-38.41996,,,,20.71,,0.14,,,
117.82855,-38.51334,20.42,,0.1,16.92,,0.02,0.609,0.985,M
117.949,-38.55136,,,,20.89,,0.13,,,
117.7875,-38.5172,,,,20.24,,0.08,,,
117.9878,-38.59593,,,,19.23,,0.06,0.983,0.997,M
117.97135,-38.57129,20.6,,0.1,17.18,,0.03,0.975,0.997,M
117.9661,-38.62293,,,,18.19,,0.04,0.985,0.996,M
117.9651,-38.62547,,,,22.41,,0.33,,,
117.7761,-38.53275,,,,18.46,,0.04,0.492,0.987,M
117.8919,-38.69725,,,,21.07,,0.12,,,
117.9083,-38.47432,,,,20.5,,0.11,0.964,0.997,M
117.7671,-38.44685,,,,21.28,,0.17,,,
117.9827,-38.60482,20.48,,0.1,16.76,,0.02,0.987,0.994,M
117.8439,-38.43403,,,,21.42,,0.18,0.609,0.971,M
118.0595,-38.62009,,,,18.28,,0.03,0.821,0.01,C
117.9798,-38.61045,,,,20.79,,0.12,0.972,0.996,M
117.8688,-38.63192,,,,21.58,,0.16,,,
117.8911,-38.66351,,,,19.88,,0.08,,,
117.7453,-38.57681,,,,20.17,,0.08,,,
117.7817,-38.47742,,,,19.53,,0.06,,,
117.8658,-38.62615,,,,20.87,,0.12,,,
117.8461,-38.60452,,,,19.44,,0.08,,,
117.9441,-38.55374,,,,20.66,,0.1,0.002,0.003,F
117.7749,-38.60178,,,,21.88,,0.24,,,
117.9851,-38.62101,,,,16.52,,0.02,,,
117.9774,-38.59961,,,,20.7,,0.12,,,
117.9067,-38.68661,,,,16.5,,0.03,,,
117.8714,-38.64034,,,,19.52,,0.07,0.968,0.995,M
117.77095,-38.5432,20.44,,0.11,17.17,,0.02,0.712,0.98,M
117.8537,-38.59259,21.5,,0.19,17.3,,0.02,0.764,0.958,M
117.9753,-38.5605,,,,18.49,,0.04,0.978,0.994,M
117.8291,-38.55557,,,,21.63,,0.23,,,
117.8003,-38.59591,,,,19.08,,0.05,,,
117.7679,-38.46915,,,,22.13,,0.28,,,
117.8397,-38.56683,,,,21.7,,0.25,0.708,0.986,M
117.8929,-38.63635,,,,22.11,,0.3,,,
117.9745,-38.56947,,,,21.2,,0.17,,,
117.8764,-38.61369,,,,21.03,,0.13,0.944,0.995,M
117.9835,-38.70869,,,,21.45,,0.18,0.64,0.956,M
117.9137,-38.66257,,,,18.26,,0.04,,,
117.9799,-38.60398,,,,19.34,,0.06,,,
117.9433,-38.52726,,,,19.4,,0.06,,,
117.7717,-38.48127,,,,20.42,,0.1,,,
117.9153,-38.67273,,,,21.44,,0.19,,,
118.0261,-38.59212,,,,21.92,,0.22,,,
117.8453,-38.60843,,,,17.74,,0.03,0.579,0.083,F
117.8165,-38.57378,,,,20.18,,0.09,,,
117.9963,-38.599,,,,18.39,,0.04,,,
117.9469,-38.5295,,,,18.82,,0.04,,,
117.8622,-38.67683,,,,20.07,,0.09,0.005,0.002,F
117.9218,-38.52886,20.12,,0.09,16.99,,0.02,0.975,0.997,M
117.9258,-38.52539,,,,19.01,,0.06,0.981,0.997,M
118.0789,-38.66839,,,,21.11,,0.14,,,
117.7519,-38.49044,21.39,,0.18,18.66,,0.04,,,
117.9783,-38.53149,,,,20.67,,0.13,,,
117.8768,-38.62933,,,,20.64,,0.12,0.913,0.994,M
117.9494,-38.52789,,,,18.86,,0.06,0.959,0.004,C
118.0035,-38.55136,,,,20.14,,0.08,,,
117.8453,-38.6744,,,,21.6,,0.21,,,
117.7895,-38.61513,16.11,,0.02,,,,,,
117.758,-38.60162,,,,21.33,,0.17,,,
117.9387,-38.62037,,,,20.83,,0.15,0.986,0.996,M
118.0442,-38.6445,,,,21.72,,0.21,,,
117.95975,-38.52486,19.59,,0.05,16.6,,0.02,0.983,0.997,M
117.9557,-38.51889,,,,18.24,,0.04,0.983,0.996,M
117.9747,-38.54665,,,,18.95,,0.06,,,
117.9554,-38.65114,20.38,,0.11,17.02,,0.03,0.985,0.996,M
117.7553,-38.59911,,,,21.72,,0.16,,,
117.8702,-38.46056,,,,19.67,,0.08,,,
117.937,-38.52818,,,,18.81,,0.06,0.965,0.997,M
117.8493,-38.4696,,,,20.54,,0.11,0.419,0.976,M
118.0933,-38.65521,,,,18.71,,0.04,0.001,0.003,F
117.9507,-38.62671,,,,20.7,,0.1,,,
117.917,-38.69841,,,,18.45,,0.04,0.679,0.931,M
117.9954,-38.5757,20.26,,0.1,16.93,,0.03,0.978,0.997,M
117.933,-38.48964,,,,18.9,,0.05,0.983,0.997,M
117.8584,-38.48001,,,,21.49,,0.18,0.494,0.987,M
117.9388,-38.61204,,,,19.93,,0.09,0.968,0.994,M
117.8933,-38.53681,20.0,,0.1,,,,0.971,0.993,M
117.99,-38.59973,,,,19.09,,0.05,0.985,0.997,M
117.8984,-38.54238,,,,18.2,,0.04,0.972,0.996,M
117.7681,-38.5913,,,,21.18,,0.14,,,
117.9669,-38.62873,,,,17.85,,0.04,0.984,0.997,M
117.866,-38.49652,,,,17.86,,0.04,0.925,0.994,M
117.797,-38.56499,,,,20.24,,0.07,0.729,0.989,M
117.9713,-38.66096,,,,19.2,,0.06,0.979,0.996,M
117.9789,-38.67212,,,,19.92,,0.08,0.972,0.995,M
117.7562,-38.60372,,,,20.98,,0.11,,,
117.9131,-38.69658,,,,21.89,,0.22,,,
118.0884,-38.65562,,,,20.28,,0.08,0.927,0.994,M
117.8816,-38.52658,,,,18.16,,0.05,0.966,0.995,M
117.87495,-38.4481,20.59,,0.12,17.04,,0.02,0.941,0.971,M
117.9961,-38.588,,,,20.34,,0.12,0.956,0.996,M
117.886,-38.44806,20.81,,0.12,16.72,,0.02,,,
117.9022,-38.54564,21.24,,0.18,17.59,,0.03,,,
117.9961,-38.59771,,,,19.24,,0.06,,,
118.0675,-38.66922,,,,19.63,,0.07,,,
117.8257,-38.44003,,,,21.17,,0.19,,,
117.9553,-38.60564,,,,17.33,,0.03,0.987,0.997,M
117.784,-38.60541,,,,21.33,,0.18,,,
117.812,-38.42624,,,,20.13,,0.08,0.639,0.971,M
117.7597,-38.60214,,,,19.5,,0.06,,,
117.8117,-38.42915,,,,21.3,,0.2,,,
117.89,-38.5421,,,,20.29,,0.1,0.943,0.996,M
117.9639,-38.6411,,,,18.63,,0.05,0.941,0.007,C
117.9999,-38.62195,,,,18.97,,0.05,,,
118.0291,-38.57998,19.23,,0.07,,,,,,
117.825,-38.45064,,,,19.66,,0.05,,,
117.8235,-38.44895,,,,20.81,,0.12,,,
117.849,-38.48646,,,,21.01,,0.12,,,
117.8311,-38.46076,,,,17.8,,0.03,,,
117.9857,-38.59975,,,,18.87,,0.05,,,
117.8011,-38.56093,,,,17.14,,0.03,,,
118.0352,-38.61002,21.05,,0.16,17.42,,0.03,0.956,0.997,M
117.8921,-38.56955,,,,18.42,,0.04,0.976,0.996,M
117.7457,-38.62513,,,,20.46,,0.1,,,
117.9017,-38.64108,,,,21.67,,0.2,,,
117.8217,-38.54206,,,,20.17,,0.09,,,
117.847,-38.49081,,,,20.59,,0.08,0.617,0.986,M
117.8877,-38.55185,,,,20.56,,0.11,,,
117.8373,-38.48878,,,,20.49,,0.1,0.546,0.042,F
117.7284,-38.48557,,,,20.58,,0.11,,,
117.8097,-38.63179,,,,20.37,,0.11,0.708,0.991,M
117.8821,-38.55109,,,,20.35,,0.1,0.947,0.991,M
117.7979,-38.42992,,,,20.81,,0.14,0.005,0.002,F
118.0618,-38.64691,,,,20.07,,0.09,0.962,0.984,M
117.7949,-38.4279,19.98,,0.1,,,,0.451,0.971,M
117.814,-38.45909,,,,20.87,,0.11,,,
117.7961,-38.43063,,,,21.42,,0.18,,,
117.837,-38.49672,,,,21.77,,0.2,0.481,0.973,M
117.9375,-38.62356,,,,20.17,,0.1,0.987,0.996,M
117.768,-38.61418,,,,17.64,,0.03,,,
117.9255,-38.61107,,,,18.64,,0.04,0.984,0.997,M
117.8843,-38.48813,,,,20.34,,0.1,,,
117.7501,-38.53809,,,,21.2,,0.15,,,
117.82575,-38.47523,20.55,,0.1,17.12,,0.02,0.474,0.006,F
117.9875,-38.6252,,,,19.18,,0.05,,,
117.7621,-38.41467,,,,20.3,,0.08,,,
117.7924,-38.3796,,,,19.84,,0.08,,,
117.9694,-38.60744,20.05,,0.09,16.78,,0.02,0.981,0.99,M
117.8946,-38.68573,,,,19.73,,0.08,0.745,0.949,M
117.9295,-38.47203,,,,20.64,,0.12,0.931,0.966,M
117.7646,-38.53933,,,,21.07,,0.16,,,
117.9718,-38.59667,,,,20.96,,0.1,,,
117.8458,-38.55853,20.24,,0.1,16.63,,0.03,0.47,0.574,F
117.915,-38.5414,,,,20.13,,0.1,,,
117.8786,-38.46991,,,,20.68,,0.12,0.957,0.993,M
117.8238,-38.51784,,,,21.61,,0.19,,,
117.9967,-38.63989,,,,18.7,,0.05,0.975,0.996,M
117.7933,-38.52103,,,,20.65,,0.1,0.602,0.984,M
118.0599,-38.62252,,,,19.66,,0.07,,,
118.0661,-38.6232,,,,20.75,,0.13,0.978,0.996,M
118.0601,-38.61593,,,,20.62,,0.13,0.968,0.997,M
117.9631,-38.55608,,,,19.09,,0.06,0.981,0.997,M
117.7902,-38.42302,,,,17.6,,0.04,0.602,0.975,M
117.8942,-38.63413,,,,20.92,,0.14,,,
117.9837,-38.56819,,,,17.26,,0.02,0.979,0.996,M
117.9263,-38.62806,,,,19.27,,0.06,0.018,0.03,F
117.981,-38.65087,21.94,,0.25,,,,0.001,0.0,F
117.9216,-38.48682,,,,18.43,,0.04,0.979,0.997,M
117.9436,-38.70193,,,,20.46,,0.09,,,
117.9196,-38.47874,,,,19.94,,0.1,,,
118.0362,-38.6295,,,,18.76,,0.04,,,
117.8635,-38.57795,,,,18.86,,0.04,0.005,0.002,F
117.9949,-38.63956,,,,19.83,,0.1,0.979,0.997,M
117.9199,-38.59316,,,,20.46,,0.13,,,
117.9224,-38.59276,,,,18.1,,0.04,0.93,0.994,M
117.7953,-38.65591,,,,20.83,,0.1,,,
117.9069,-38.55429,,,,19.77,,0.08,0.954,0.991,M
117.8694,-38.5798,20.15,,0.09,16.44,,0.02,,,
117.7472,-38.55494,,,,17.77,,0.04,0.758,0.994,M
117.976,-38.5662,,,,19.76,,0.07,0.983,0.997,M
117.8888,-38.5837,,,,18.22,,0.04,,,
118.0049,-38.64349,,,,18.11,,0.04,,,
118.0533,-38.60743,20.73,,0.13,17.42,,0.03,,,
117.753,-38.43958,,,,20.49,,0.12,,,
117.874,-38.57181,,,,19.56,,0.05,0.974,0.995,M
118.0279,-38.61838,,,,20.53,,0.12,0.925,0.996,M
117.8354,-38.37585,,,,20.08,,0.09,,,
117.8697,-38.67683,,,,19.83,,0.11,,,
117.8939,-38.54643,,,,20.3,,0.11,0.982,0.996,M
118.0204,-38.62526,,,,20.14,,0.09,0.932,0.994,M
117.8033,-38.64971,,,,21.47,,0.14,0.007,0.004,F
117.7921,-38.60001,,,,21.84,,0.21,,,
117.8156,-38.58128,,,,17.81,,0.04,0.669,0.99,M
117.7957,-38.6603,,,,21.65,,0.18,,,
117.9223,-38.52711,,,,21.12,,0.15,0.963,0.995,M
117.7674,-38.53555,,,,20.68,,0.1,0.654,0.988,M
117.9281,-38.59107,,,,18.24,,0.04,0.987,0.997,M
117.8221,-38.58714,,,,17.74,,0.04,0.743,0.995,M
117.8022,-38.65423,,,,20.88,,0.13,0.687,0.987,M
117.8446,-38.43855,,,,20.97,,0.11,,,
117.8048,-38.5868,,,,21.83,,0.24,0.702,0.992,M
117.91,-38.60082,,,,17.88,,0.03,0.983,0.996,M
118.0079,-38.67799,,,,19.91,,0.09,0.775,0.933,M
118.0207,-38.61971,,,,20.35,,0.1,,,
118.0066,-38.5695,20.61,,0.11,16.61,,0.02,0.967,0.995,M
118.0565,-38.61683,,,,19.1,,0.06,0.773,0.004,C
117.8142,-38.5915,,,,19.01,,0.05,0.754,0.991,M
117.7545,-38.53965,,,,21.19,,0.12,,,
118.02535,-38.6155,20.82,,0.12,17.34,,0.02,0.977,0.997,M
117.7969,-38.37292,,,,20.62,,0.1,,,
117.9386,-38.52069,,,,19.26,,0.05,0.904,0.003,C
117.7857,-38.57793,,,,19.61,,0.05,,,
117.80415,-38.39206,19.2,,0.07,16.43,,0.02,0.188,0.164,F
117.8619,-38.6445,,,,18.23,,0.03,0.828,0.991,M
117.7305,-38.50365,,,,21.4,,0.22,,,
117.99,-38.61808,,,,21.82,,0.24,0.984,0.996,M
117.8023,-38.39516,,,,20.06,,0.08,0.172,0.075,F
117.7748,-38.54956,,,,20.76,,0.14,,,
117.847,-38.55385,,,,18.52,,0.04,0.764,0.991,M
117.7936,-38.383,,,,19.55,,0.08,0.496,0.971,M
118.0615,-38.62918,,,,19.4,,0.06,,,
117.756,-38.56041,,,,20.83,,0.14,0.747,0.991,M
117.7323,-38.51129,,,,20.43,,0.1,,,
118.0253,-38.65654,,,,18.53,,0.05,,,
117.8648,-38.53511,,,,18.76,,0.05,0.907,0.991,M
117.9719,-38.67328,,,,21.79,,0.24,0.861,0.989,M
117.9491,-38.64467,,,,21.16,,0.16,,,
117.7355,-38.57774,,,,21.17,,0.16,,,
117.8137,-38.46035,,,,21.11,,0.14,,,
117.727,-38.559,,,,21.32,,0.17,0.768,0.992,M
117.9694,-38.6494,20.41,,0.12,17.68,,0.03,,,
117.9978,-38.61361,,,,20.64,,0.12,0.2,0.096,F
117.8143,-38.45985,,,,21.31,,0.14,,,
117.7683,-38.61187,,,,20.75,,0.11,,,
118.0181,-38.59666,,,,22.62,,0.3,,,
118.0357,-38.61502,,,,19.17,,0.06,,,
117.8599,-38.5175,,,,17.28,,0.02,0.402,0.019,F
117.7425,-38.48264,,,,21.1,,0.11,,,
117.9642,-38.59349,,,,17.75,,0.03,0.984,0.997,M
117.8402,-38.5678,,,,17.16,,0.03,,,
117.8615,-38.54642,,,,20.6,,0.1,,,
117.8198,-38.59602,,,,19.45,,0.06,,,
117.9381,-38.62202,18.27,,0.03,,,,,,
117.9005,-38.56276,,,,20.96,,0.13,0.979,0.996,M
117.8223,-38.59026,,,,20.36,,0.1,0.711,0.991,M
117.9757,-38.57788,,,,21.36,,0.17,,,
117.8676,-38.544,,,,17.53,,0.03,0.906,0.007,C
117.77875,-38.40388,20.58,,0.11,17.27,,0.03,0.502,0.009,F
118.0087,-38.60631,,,,21.11,,0.13,,,
117.8007,-38.56179,19.53,,0.06,16.6,,0.02,,,
117.7331,-38.56996,,,,22.21,,0.27,0.007,0.001,F
117.871,-38.54637,,,,16.66,,0.02,0.971,0.995,M
117.8346,-38.41413,,,,19.85,,0.06,0.006,0.005,F
117.954,-38.67165,,,,21.32,,0.16,0.973,0.993,M
117.7896,-38.57109,,,,17.62,,0.03,0.732,0.995,M
118.0473,-38.65463,,,,21.65,,0.26,,,
118.0474,-38.65562,20.84,,0.14,17.43,,0.04,0.968,0.997,M
117.9896,-38.6853,20.52,,0.11,19.36,,0.06,,,
117.9639,-38.53625,,,,21.18,,0.19,0.912,0.982,M
118.0008,-38.61259,,,,19.82,,0.08,0.983,0.996,M
117.8815,-38.43493,,,,21.71,,0.2,,,
117.942,-38.49912,,,,19.09,,0.06,,,
117.9029,-38.44176,,,,19.94,,0.1,0.953,0.977,M
118.0573,-38.67893,,,,21.41,,0.16,,,
117.9611,-38.53607,19.02,,0.05,,,,,,
117.8909,-38.45501,,,,19.44,,0.06,,,
117.9676,-38.54674,,,,20.28,,0.08,,,
117.9795,-38.64059,,,,20.89,,0.11,0.982,0.995,M
117.91875,-38.4826,21.04,,0.12,17.43,,0.02,0.974,0.004,C
117.9995,-38.59386,,,,17.61,,0.03,0.983,0.996,M
117.87755,-38.67285,20.48,,0.1,17.1,,0.03,0.958,0.991,M
118.0241,-38.65369,,,,18.62,,0.05,0.148,0.137,F
118.043,-38.62182,,,,18.85,,0.05,0.98,0.997,M
117.9783,-38.61428,,,,18.26,,0.04,0.001,0.006,F
117.8239,-38.57676,,,,20.04,,0.09,0.76,0.991,M
118.0057,-38.58572,,,,19.15,,0.07,0.864,0.016,C
117.9175,-38.50841,,,,19.64,,0.06,,,
117.9895,-38.6812,,,,20.74,,0.11,,,
117.9787,-38.53301,20.73,,0.14,16.84,,0.05,0.901,0.005,C
118.0292,-38.60646,,,,20.68,,0.12,0.234,0.155,F
117.967,-38.649,,,,20.94,,0.15,,,
118.051,-38.65661,,,,19.49,,0.1,0.953,0.997,M
117.9519,-38.51443,,,,21.56,,0.19,0.967,0.996,M
117.95755,-38.52298,19.63,,0.07,18.59,,0.04,,,
117.9584,-38.52455,,,,20.01,,0.09,,,
117.9478,-38.5434,,,,19.37,,0.07,,,
117.9874,-38.54381,,,,19.26,,0.07,0.975,0.167,C
117.9047,-38.57078,,,,21.45,,0.2,,,
117.9185,-38.56669,,,,20.74,,0.12,0.979,0.997,M
117.9413,-38.54729,,,,17.45,,0.04,0.983,0.997,M
117.9804,-38.55118,19.25,,0.06,16.34,,0.02,,,
117.9016,-38.65734,,,,18.8,,0.05,0.973,0.996,M
117.8972,-38.44019,,,,20.58,,0.12,0.942,0.979,M
117.9445,-38.52648,21.31,,0.18,17.69,,0.03,,,
117.8673,-38.61685,,,,16.81,,0.02,,,
117.9095,-38.46702,,,,20.66,,0.09,0.97,0.997,M
117.8402,-38.52935,20.51,,0.11,16.74,,0.02,,,
117.8546,-38.53506,,,,17.38,,0.03,0.362,0.008,F
117.8544,-38.63161,,,,21.02,,0.14,,,
117.9669,-38.56089,20.26,,0.1,,,,,,
117.8686,-38.41041,,,,20.23,,0.08,,,
117.9288,-38.49971,,,,20.78,,0.11,,,
117.9342,-38.50727,,,,20.07,,0.08,0.975,0.997,M
117.987,-38.59182,,,,18.8,,0.05,0.978,0.997,M
118.0348,-38.64317,,,,20.39,,0.11,0.969,0.957,M
117.98585,-38.59097,19.73,,0.08,16.4,,0.02,,,
117.9019,-38.57799,,,,20.67,,0.12,,,
117.9499,-38.5384,,,,20.93,,0.12,0.973,0.974,M
117.9693,-38.61179,,,,20.12,,0.1,0.665,0.016,F
117.8646,-38.62484,,,,21.11,,0.12,,,
117.9763,-38.56515,,,,19.6,,0.08,0.984,0.997,M
117.9627,-38.54644,21.06,,0.17,17.13,,0.02,0.939,0.005,C
117.9138,-38.48055,,,,19.91,,0.08,0.327,0.05,F
117.8963,-38.60691,,,,21.21,,0.16,,,
117.9253,-38.57396,,,,18.87,,0.05,0.985,0.997,M
117.955,-38.53571,,,,19.22,,0.07,,,
117.988,-38.58469,,,,20.25,,0.1,0.981,0.997,M
117.8238,-38.53786,,,,19.27,,0.07,,,
117.9032,-38.61756,,,,20.45,,0.11,,,
117.9178,-38.49002,,,,17.5,,0.04,0.972,0.995,M
118.0437,-38.62875,,,,19.02,,0.06,0.965,0.996,M
118.0113,-38.56594,,,,19.1,,0.06,,,
117.9942,-38.54095,19.93,,0.1,16.34,,0.02,,,
117.8539,-38.66123,,,,20.41,,0.09,,,
117.9128,-38.62015,,,,20.61,,0.08,,,
118.0271,-38.59021,,,,19.23,,0.06,0.948,0.993,M
118.036,-38.60783,,,,19.76,,0.07,0.001,0.002,F
117.9756,-38.56175,,,,20.77,,0.13,,,
117.7942,-38.59067,,,,21.27,,0.14,,,
118.0075,-38.56506,19.15,,0.06,,,,0.972,0.996,M
117.9559,-38.52251,,,,20.86,,0.12,,,
117.8365,-38.6703,,,,18.27,,0.03,0.759,0.994,M
117.8169,-38.44456,,,,19.98,,0.08,0.572,0.962,M
118.0052,-38.56271,,,,18.57,,0.04,0.971,0.997,M
117.9946,-38.54859,,,,19.02,,0.06,0.012,0.003,F
117.8697,-38.51838,20.73,,0.11,17.24,,0.02,0.955,0.995,M
117.9194,-38.57351,,,,21.04,,0.15,,,
117.9795,-38.52737,19.51,,0.07,16.32,,0.02,,,
118.021,-38.58768,,,,19.2,,0.06,0.976,0.997,M
118.0155,-38.58069,,,,17.97,,0.02,0.975,0.997,M
117.9214,-38.57149,,,,18.11,,0.03,0.967,0.997,M
118.0056,-38.56687,,,,19.13,,0.06,0.982,0.997,M
117.8134,-38.56529,,,,21.79,,0.22,,,
117.8388,-38.67319,,,,20.64,,0.11,0.725,0.988,M
118.0213,-38.58921,20.5,,0.11,,,,0.973,0.997,M
117.9051,-38.46042,,,,20.89,,0.15,0.975,0.996,M
117.797,-38.4571,,,,18.01,,0.04,,,
117.9126,-38.58491,,,,18.62,,0.05,0.985,0.996,M
117.956,-38.62521,,,,20.42,,0.1,,,
118.0377,-38.64488,20.81,,0.15,17.53,,0.03,0.979,0.996,M
117.8391,-38.46597,,,,20.39,,0.1,,,
118.0376,-38.59872,,,,20.36,,0.09,0.969,0.994,M
117.7991,-38.4511,,,,18.17,,0.04,0.478,0.965,M
118.0253,-38.57819,20.01,,0.08,16.78,,0.02,0.969,0.996,M
118.0311,-38.58575,,13.96,,,14.12,,0.979,0.972,M
117.8952,-38.56099,,,,19.49,,0.07,0.972,0.004,C
118.0377,-38.59517,20.56,,0.1,16.58,,0.03,,,
117.7938,-38.4277,,,,16.72,,0.03,0.077,0.162,F
118.0374,-38.60211,,,,19.45,,0.07,,,
117.7868,-38.42858,,,,22.47,,0.34,,,
117.7355,-38.52937,,,,20.92,,0.13,0.507,0.987,M
118.0257,-38.58293,,,,17.53,,0.02,0.978,0.997,M
118.0392,-38.60586,20.42,,0.12,16.59,,0.03,,,
118.0254,-38.58446,,,,17.56,,0.03,0.982,0.997,M
118.0235,-38.58305,20.38,,0.07,,,,,,
117.85015,-38.62008,21.5,,0.2,18.15,,0.04,0.763,0.991,M
118.0335,-38.65463,,,,17.77,,0.04,0.859,0.002,C
117.9029,-38.55374,20.03,,0.08,16.69,,0.02,,,
117.899,-38.59988,,,,17.61,,0.03,0.981,0.995,M
118.044,-38.64218,,,,19.57,,0.08,0.133,0.063,F
117.8402,-38.51013,20.79,,0.16,17.13,,0.02,0.082,0.013,F
118.04085,-38.6045,20.68,,0.14,17.26,,0.03,,,
118.0522,-38.63016,19.32,,0.08,,,,,,
117.7683,-38.49706,,,,19.39,,0.06,0.458,0.986,M
118.0404,-38.61253,,,,19.32,,0.05,0.981,0.997,M
117.8365,-38.6211,,,,22.1,,0.21,,,
117.82795,-38.64586,17.58,,0.03,16.29,,0.02,,,
118.0513,-38.62342,,,,18.34,,0.04,0.973,0.997,M
117.9137,-38.45723,,,,20.03,,0.1,0.975,0.996,M
117.9997,-38.54631,,,,17.72,,0.03,0.225,0.005,F
117.9972,-38.56466,,,,18.14,,0.04,0.97,0.997,M
117.8944,-38.5686,,,,18.82,,0.05,0.903,0.983,M
117.7762,-38.43045,,,,19.77,,0.08,0.585,0.969,M
117.8065,-38.65991,,,,18.98,,0.06,0.691,0.961,M
118.0151,-38.59135,,,,19.76,,0.09,0.98,0.997,M
117.7757,-38.43324,,,,21.13,,0.14,,,
117.961,-38.51431,,,,17.38,,0.03,0.971,0.997,M
117.7577,-38.52008,,,,18.62,,0.04,0.608,0.988,M
117.8795,-38.57511,,,,21.08,,0.14,,,
117.7909,-38.68164,21.14,,0.16,17.74,,0.03,,,
117.8852,-38.57449,,,,17.87,,0.03,,,
118.016,-38.6461,21.16,,0.21,17.83,,0.03,0.984,0.997,M
117.9521,-38.50257,,,,18.58,,0.05,0.955,0.98,M
117.9958,-38.66744,,,,19.54,,0.05,,,
118.0058,-38.58063,,,,20.1,,0.1,0.968,0.997,M
117.923,-38.58489,,,,20.77,,0.1,,,
117.9581,-38.5753,,,,20.62,,0.13,0.024,0.002,F
117.8393,-38.62639,19.58,,0.07,,,,0.005,0.005,F
118.0285,-38.61385,,,,21.23,,0.17,0.97,0.996,M
118.0114,-38.6401,,,,20.49,,0.12,,,
118.0221,-38.59071,,,,19.17,,0.06,0.944,0.995,M
118.01695,-38.58588,19.29,,0.05,16.34,,0.02,,,
117.9804,-38.53204,20.55,,0.1,,,,0.959,0.996,M
117.8037,-38.54865,,,,21.99,,0.28,,,
118.0018,-38.6511,,,,17.9,,0.04,0.975,0.996,M
117.9601,-38.50444,,,,18.58,,0.04,0.963,0.996,M
117.9925,-38.66248,,,,21.22,,0.14,,,
118.0273,-38.60571,,,,18.57,,0.05,0.968,0.997,M
117.9624,-38.50873,,,,19.7,,0.1,,,
117.87985,-38.59751,20.37,,0.1,16.83,,0.03,,,
117.9795,-38.53201,,,,17.16,,0.02,0.975,0.914,M
117.9815,-38.53957,,,,20.13,,0.12,,,
117.8286,-38.66068,21.02,,0.15,17.68,,0.04,0.665,0.995,M
117.8226,-38.65567,,,,20.96,,0.14,,,
117.9041,-38.50957,,,,21.46,,0.18,,,
118.0102,-38.66067,,,,19.76,,0.07,0.983,0.997,M
117.8524,-38.44076,,,,19.82,,0.07,,,
117.8871,-38.63625,,,,21.76,,0.19,0.536,0.49,F
117.9024,-38.56192,,,,19.41,,0.06,0.899,0.957,M
117.7425,-38.47582,,,,19.39,,0.06,,,
117.89875,-38.50604,20.66,,0.12,17.35,,0.02,0.957,0.995,M
117.7596,-38.5808,19.92,,0.09,,,,,,
117.8142,-38.66893,,,,21.28,,0.13,0.757,0.991,M
118.0383,-38.62856,,,,18.43,,0.04,0.941,0.996,M
118.0417,-38.62514,,,,19.11,,0.05,0.983,0.997,M
117.8152,-38.56227,,,,18.5,,0.03,,,
118.01655,-38.64738,20.07,,0.09,16.3,,0.02,,,
117.9653,-38.71277,,,,21.07,,0.12,0.759,0.959,M
117.867,-38.47053,21.11,,0.16,17.4,,0.03,0.877,0.125,C
117.7377,-38.48172,,,,20.72,,0.12,,,
117.9889,-38.68555,,,,21.27,,0.22,,,
117.9643,-38.71375,,,,20.01,,0.07,,,
117.82985,-38.41593,20.3,,0.1,16.76,,0.02,0.597,0.964,M
117.8987,-38.71397,,,,22.61,,0.36,0.003,0.002,F
117.764,-38.52755,,,,20.85,,0.12,,,
117.92155,-38.62295,20.64,,0.11,17.25,,0.03,0.982,0.997,M
117.7804,-38.50857,,,,18.92,,0.04,0.532,0.988,M
118.0541,-38.67559,,,,20.23,,0.09,0.903,0.978,M
117.8375,-38.42541,,,,21.64,,0.23,,,
117.7302,-38.50672,19.74,,0.07,16.77,,0.02,,,
117.9075,-38.54763,,,,18.72,,0.04,0.953,0.996,M
117.9337,-38.60041,,,,17.38,,0.03,0.984,0.996,M
117.9563,-38.61989,,,,20.74,,0.13,0.972,0.997,M
117.8677,-38.68042,,,,19.48,,0.07,0.796,0.948,M
117.9434,-38.5915,,,,17.49,,0.02,0.972,0.996,M
118.0195,-38.69411,,,,20.68,,0.14,0.001,0.002,F
117.9206,-38.55177,,,,,14.12,,,,
117.8683,-38.48456,,,,18.36,,0.03,0.497,0.012,F
117.811,-38.40476,,,,21.3,,0.14,,,
117.8642,-38.68512,,,,21.65,,0.2,,,
117.9022,-38.54061,,,,20.43,,0.1,,,
117.8384,-38.62608,,,,16.42,,0.02,,,
117.8284,-38.43041,,,,20.85,,0.13,0.622,0.971,M
117.9833,-38.614,,,,16.56,,0.02,,,
118.0533,-38.67045,,,,18.63,,0.06,0.107,0.041,F
117.8235,-38.42478,21.26,,0.17,17.62,,0.04,0.457,0.976,M
117.7921,-38.53088,,,,21.2,,0.18,,,
117.8556,-38.40394,,,,20.19,,0.09,0.617,0.97,M
118.0012,-38.62691,20.81,,0.13,17.38,,0.03,0.982,0.996,M
117.8494,-38.45175,,,,21.01,,0.14,0.003,0.002,F
117.9409,-38.59031,,,,19.45,,0.07,0.985,0.997,M
117.98575,-38.60266,19.78,,0.07,16.57,,0.02,0.983,0.997,M
118.0043,-38.63295,,,,20.11,,0.09,0.27,0.282,F
117.886,-38.47683,,13.96,,,14.12,,,,
117.82325,-38.48592,,13.96,,,14.12,,,,
117.9197,-38.55297,,13.96,,,,,,,
117.9197,-38.55297,13.98,,0.01,,,,,,
117.9491,-38.3824,14.76,,0.02,,,,,,
118.0814,-38.48322,15.71,,0.02,,,,,,
117.90625,-38.41813,15.93,,0.02,15.05,,0.02,,,
117.7603,-38.4281,16.08,,0.04,,,,,,
118.01595,-38.56799,16.69,,0.03,,14.12,,,,
117.7416,-38.38826,17.61,,0.05,,,,,,
118.0346,-38.36713,19.43,,0.07,19.79,,0.06,,,
117.96975,-38.57232,19.69,,0.08,16.11,,0.02,0.925,0.009,C
117.74,-38.63218,19.82,,0.07,,,,0.773,0.99,M
117.9062,-38.68689,19.82,,0.08,,,,,,
117.76635,-38.4001,19.9,,0.09,18.72,,0.05,,,
117.9584,-38.57551,20.22,,0.12,,,,,,
117.6987,-38.4373,20.57,,0.12,17.1,,0.02,0.467,0.973,M
117.86905,-38.38403,20.68,,0.12,16.26,,0.02,,,
117.72005,-38.48248,20.85,,0.15,17.34,,0.03,0.444,0.99,M
118.0731,-38.53648,21.12,,0.14,17.35,,0.02,,,
117.9461,-38.6118,21.12,,0.14,16.09,,0.02,,,
118.0042,-38.36946,21.12,,0.14,,,,,,
117.9116,-38.33665,21.19,,0.16,16.53,,0.03,,,
117.67815,-38.52502,21.22,,0.16,19.83,,0.08,,,
118.0478,-38.66291,21.75,,0.25,,,,,,
118.1581,-38.45882,21.78,,0.22,,,,,,
118.1426,-38.62239,21.88,,0.27,,,,,,
118.0254,-38.67847,21.88,,0.27,,,,,,
118.0615,-38.5052,21.89,,0.24,,,,,,
118.1379,-38.62656,21.89,,0.25,,,,,,
118.0592,-38.66937,21.92,,0.25,,,,,,
118.055,-38.67515,21.92,,0.25,,,,,,
118.1304,-38.43695,21.93,,0.24,,,,,,
118.1262,-38.63333,21.94,,0.26,,,,,,
117.9345,-38.6341,21.95,,0.27,,,,,,
118.0924,-38.60052,21.96,,0.27,,,,,,
118.1019,-38.63653,22.01,,0.26,,,,,,
118.1063,-38.51762,22.02,,0.27,,,,,,
118.1307,-38.56079,22.02,,0.28,,,,,,
118.0977,-38.60996,22.04,,0.32,,,,,,
118.0175,-38.70774,22.05,,0.26,,,,,,
118.1226,-38.53769,22.06,,0.29,,,,,,
118.0647,-38.43421,22.06,,0.3,,,,,,
118.0539,-38.53914,22.08,,0.31,,,,,,
118.1114,-38.59894,22.09,,0.36,,,,,,
118.0481,-38.64545,22.11,,0.34,,,,,,
118.0884,-38.59923,22.11,,0.31,,,,,,
117.927,-38.63609,22.12,,0.26,,,,,,
118.0415,-38.65149,22.13,,0.33,,,,,,
117.8937,-38.49575,22.14,,0.33,,,,,,
117.7207,-38.38575,22.14,,0.27,,,,,,
118.0457,-38.42473,22.14,,0.26,,,,,,
117.9309,-38.64935,22.16,,0.3,,,,,,
118.0679,-38.58798,22.17,,0.32,,,,,,
118.0164,-38.70565,22.18,,0.34,,,,,,
118.0087,-38.64081,22.21,,0.31,,,,,,
118.1372,-38.55705,22.24,,0.29,,,,,,
117.9874,-38.69728,22.24,,0.32,,,,,,
118.1448,-38.43236,22.24,,0.38,,,,,,
118.042,-38.32735,22.28,,0.38,,,,,,
118.0365,-38.62295,22.28,,0.3,,,,,,
118.1527,-38.44949,22.28,,0.3,,,,,,
117.8925,-38.57257,22.29,,0.33,,,,,,
118.026,-38.54823,22.3,,0.35,,,,,,
118.0618,-38.58738,22.31,,0.36,,,,,,
117.8661,-38.59794,22.32,,0.32,,,,,,
118.0317,-38.68528,22.32,,0.37,,,,,,
117.9915,-38.67686,22.34,,0.35,,,,,,
117.9843,-38.71045,22.36,,0.38,,,,,,
117.861,-38.5835,22.37,,0.35,,,,,,
118.0403,-38.54376,22.38,,0.38,,,,,,
117.9368,-38.68245,22.39,,0.31,,,,,,
118.1032,-38.57067,22.39,,0.36,,,,,,
118.0542,-38.6878,22.39,,0.37,,,,,,
118.1465,-38.56684,22.4,,0.36,,,,,,
117.8631,-38.5087,22.43,,0.34,,,,,,
118.0838,-38.65988,22.44,,0.38,,,,,,
118.0348,-38.54735,22.46,,0.37,,,,,,
117.9404,-38.50446,22.48,,0.35,,,,,,
118.0872,-38.45932,22.48,,0.34,,,,,,
118.1118,-38.57609,22.51,,0.33,,,,,,
118.0155,-38.35483,22.54,,0.39,,,,,,
117.7888,-38.6166,,,,,14.25,,,,
118.1629,-38.43566,,,,,14.12,,,,
117.8596,-38.29251,,,,,14.12,,,,
117.7608,-38.42937,,,,,14.12,,,,
118.125,-38.47034,,,,,14.12,,,,
117.7543,-38.32791,,,,,14.12,,,,
117.9486,-38.38363,,,,,14.12,,,,
118.125,-38.47034,,,,14.12,,0.02,,,
118.0159,-38.56799,,,,14.15,,0.01,,,
118.0824,-38.48107,,,,14.4,,0.02,,,
117.7405,-38.38877,,,,14.5,,0.03,,,
118.1102,-38.51462,,,,14.57,,0.02,,,
117.96,-38.5362,,,,15.58,,0.02,,,
118.051,-38.6299,,,,15.86,,0.02,,,
118.0857,-38.53374,,,,15.87,,0.02,,,
118.0454,-38.53888,,,,15.94,,0.02,,,
118.0281,-38.57919,,,,15.96,,0.02,,,
117.7931,-38.33259,,,,16.0,,0.03,,,
118.0804,-38.54162,,,,16.03,,0.02,,,
117.9968,-38.52605,,,,16.15,,0.02,,,
118.087,-38.61391,,,,16.16,,0.02,,,
118.0083,-38.56488,,,,16.2,,0.02,,,
118.0284,-38.55617,,,,16.2,,0.02,,,
118.1484,-38.46204,,,,16.21,,0.03,,,
118.0953,-38.48661,,,,16.27,,0.02,,,
117.9995,-38.50829,,,,16.3,,0.02,,,
118.0983,-38.6267,,,,16.42,,0.02,,,
118.1015,-38.64555,,,,16.46,,0.02,,,
118.074,-38.51546,,,,16.52,,0.02,,,
117.9424,-38.43969,,,,16.53,,0.02,,,
117.7605,-38.58063,,,,16.56,,0.02,,,
117.8052,-38.41164,,,,16.61,,0.02,,,
118.1252,-38.53117,,,,16.62,,0.02,,,
117.9671,-38.56182,,,,16.62,,0.02,,,
118.0635,-38.56084,,,,16.65,,0.03,,,
118.0392,-38.5468,,,,16.65,,0.02,,,
117.9207,-38.50433,,,,16.67,,0.02,,,
118.0697,-38.5319,,,,16.7,,0.02,,,
118.1064,-38.64484,,,,16.72,,0.03,,,
118.1099,-38.57219,,,,16.72,,0.02,,,
118.0243,-38.58269,,,,16.72,,0.02,,,
117.8917,-38.53743,,,,16.73,,0.02,,,
118.0665,-38.58017,,,,16.74,,0.02,,,
117.7406,-38.63197,,,,16.75,,0.02,,,
118.0982,-38.5673,,,,16.76,,0.02,,,
118.0512,-38.55638,,,,16.77,,0.02,,,
117.9114,-38.4372,,,,16.77,,0.02,,,
117.973,-38.4826,,,,16.79,,0.03,,,
117.9383,-38.62125,,,,16.81,,0.03,,,
118.0462,-38.55056,,,,16.84,,0.03,,,
118.0869,-38.62291,,,,16.88,,0.02,,,
118.0631,-38.3686,,,,16.89,,0.02,,,
117.9834,-38.42254,,,,16.9,,0.02,,,
118.1538,-38.48585,,,,16.92,,0.03,,,
118.0773,-38.51419,,,,16.96,,0.02,,,
117.8102,-38.54267,,,,16.97,,0.02,,,
118.0356,-38.4804,,,,17.0,,0.02,,,
117.8108,-38.34855,,,,17.02,,0.03,,,
117.995,-38.53645,,,,17.03,,0.03,,,
118.0495,-38.50778,,,,17.04,,0.02,,,
118.0552,-38.36842,,,,17.04,,0.02,,,
118.0205,-38.58844,,,,17.08,,0.02,,,
118.0777,-38.5496,,,,17.12,,0.03,,,
118.118,-38.44178,,,,17.12,,0.02,,,
117.7143,-38.58518,,,,17.13,,0.02,,,
117.8874,-38.29039,,,,17.14,,0.03,,,
118.1042,-38.5295,,,,17.15,,0.02,,,
118.009,-38.54389,,,,17.22,,0.02,,,
118.0054,-38.46464,,,,17.25,,0.03,,,
117.9311,-38.55654,,,,17.26,,0.03,,,
117.9396,-38.46402,,,,17.29,,0.03,,,
118.0236,-38.32426,,,,17.36,,0.03,,,
118.0782,-38.44379,,,,17.38,,0.03,,,
117.82,-38.36398,,,,17.38,,0.03,,,
118.0721,-38.49382,,,,17.4,,0.02,,,
118.1716,-38.45039,,,,17.41,,0.03,,,
117.6786,-38.53011,,,,17.43,,0.03,0.626,0.987,M
118.0697,-38.46828,,,,17.48,,0.03,,,
118.0496,-38.51762,,,,17.51,,0.02,,,
118.001,-38.49796,,,,17.54,,0.03,,,
118.1786,-38.50201,,,,17.6,,0.04,,,
117.6839,-38.51018,,,,17.64,,0.03,,,
117.957,-38.50006,,,,17.64,,0.03,,,
117.8559,-38.48168,,,,17.65,,0.03,,,
117.8849,-38.42394,,,,17.65,,0.04,,,
118.0408,-38.33741,,,,17.68,,0.04,,,
117.7299,-38.44651,,,,17.69,,0.02,0.593,0.97,M
118.0048,-38.61608,,,,17.76,,0.03,,,
117.716,-38.58455,,,,17.78,,0.02,,,
118.1088,-38.5325,,,,17.79,,0.04,,,
117.8842,-38.69947,,,,17.82,,0.04,,,
117.7747,-38.37313,,,,17.83,,0.03,0.604,0.97,M
117.7698,-38.58058,,,,17.92,,0.03,,,
118.0671,-38.64971,,,,18.2,,0.03,,,
118.0483,-38.57459,,,,18.22,,0.04,0.016,0.003,F
118.1654,-38.42621,,,,18.24,,0.04,,,
117.7749,-38.38381,,,,18.28,,0.03,0.46,0.969,M
118.0087,-38.31921,,,,18.28,,0.04,,,
118.047,-38.34987,,,,18.29,,0.04,,,
117.9054,-38.29212,,,,18.3,,0.04,0.002,0.002,F
117.8117,-38.63211,,,,18.31,,0.04,,,
117.8801,-38.33648,,,,18.32,,0.04,,,
117.9729,-38.52108,,,,18.36,,0.04,,,
117.7,-38.52746,,,,18.36,,0.04,,,
117.9432,-38.3368,,,,18.38,,0.03,,,
117.9974,-38.4241,,,,18.38,,0.04,,,
117.8521,-38.42752,,,,18.42,,0.04,,,
117.975,-38.5731,,,,18.43,,0.04,,,
117.9485,-38.28365,,,,18.44,,0.05,0.911,0.996,M
117.8737,-38.67082,,,,18.45,,0.04,,,
117.7226,-38.49509,,,,18.49,,0.04,0.473,0.986,M
118.0159,-38.5048,,,,18.52,,0.04,0.003,0.002,F
117.8699,-38.55576,,,,18.52,,0.04,,,
117.8746,-38.29427,,,,18.54,,0.04,0.809,0.979,M
118.014,-38.31646,,,,18.57,,0.05,,,
117.7593,-38.3742,,,,18.58,,0.04,,,
117.8616,-38.56223,,,,18.58,,0.03,,,
118.1522,-38.49974,,,,18.65,,0.05,,,
118.0142,-38.6303,,,,18.66,,0.04,,,
118.0685,-38.55441,,,,18.77,,0.05,,,
118.0131,-38.4193,,,,18.78,,0.06,,,
117.8205,-38.53071,,,,18.94,,0.05,,,
117.7611,-38.37912,,,,19.01,,0.07,,,
117.8617,-38.33425,,,,19.05,,0.05,,,
118.0614,-38.67824,,,,19.06,,0.07,,,
118.033,-38.57872,,,,19.13,,0.06,,,
117.7799,-38.35738,,,,19.13,,0.05,,,
117.9533,-38.54435,,,,19.13,,0.05,,,
117.7999,-38.65957,,,,19.22,,0.06,,,
117.757,-38.3809,,,,19.31,,0.06,0.581,0.969,M
117.7419,-38.39106,,,,19.31,,0.07,,,
118.1117,-38.54063,,,,19.32,,0.06,,,
117.7347,-38.40396,,,,19.39,,0.06,0.006,0.004,F
117.7718,-38.38883,,,,19.4,,0.06,,,
117.745,-38.36639,,,,19.42,,0.09,,,
117.714,-38.46699,,,,19.44,,0.05,,,
117.815,-38.52891,,,,19.44,,0.06,,,
117.9965,-38.51495,,,,19.46,,0.07,,,
117.7669,-38.38806,,,,19.48,,0.06,,,
118.0364,-38.55701,,,,19.5,,0.05,,,
117.7842,-38.33992,,,,19.51,,0.07,0.45,0.969,M
117.836,-38.30949,,,,19.55,,0.06,0.597,0.968,M
118.0389,-38.34862,,,,19.56,,0.07,,,
117.8778,-38.31091,,,,19.58,,0.07,,,
117.7445,-38.59277,,,,19.58,,0.06,,,
117.7481,-38.35429,,,,19.6,,0.07,0.006,0.004,F
118.0389,-38.67615,,,,19.65,,0.08,,,
117.9963,-38.53451,,,,19.67,,0.07,,,
117.71,-38.55971,,,,19.76,,0.08,,,
118.1407,-38.4447,,,,19.77,,0.08,,,
117.9373,-38.31532,,,,19.77,,0.07,0.913,0.996,M
117.7277,-38.41699,,,,19.78,,0.08,,,
117.8916,-38.40124,,,,19.81,,0.07,,,
118.0685,-38.44235,,,,19.82,,0.07,,,
117.895,-38.70248,,,,19.83,,0.08,,,
117.7192,-38.43044,,,,19.84,,0.07,,,
118.1305,-38.42117,,,,19.85,,0.11,,,
117.8093,-38.31258,,,,19.87,,0.07,,,
117.8102,-38.35461,,,,19.88,,0.09,,,
117.7221,-38.41335,,,,19.9,,0.08,,,
117.6931,-38.52586,,,,19.91,,0.07,,,
117.7084,-38.60387,,,,19.93,,0.1,0.749,0.991,M
117.7158,-38.51309,,,,19.95,,0.08,,,
117.7386,-38.54268,,,,20.0,,0.08,,,
118.1034,-38.41969,,,,20.02,,0.08,,,
118.0118,-38.54922,,,,20.06,,0.08,,,
118.0497,-38.32406,,,,20.07,,0.08,,,
117.8821,-38.5125,,,,20.1,,0.09,,,
117.9313,-38.29024,,,,20.1,,0.07,0.875,0.071,C
117.731,-38.5953,,,,20.11,,0.11,,,
117.7272,-38.43831,,,,20.13,,0.08,,,
117.7673,-38.34914,,,,20.13,,0.09,,,
117.8045,-38.31608,,,,20.19,,0.08,,,
117.9477,-38.49441,,,,20.22,,0.09,,,
117.8176,-38.33571,,,,20.25,,0.1,,,
117.7579,-38.65831,,,,20.26,,0.11,0.801,0.979,M
117.6874,-38.50111,,,,20.26,,0.1,,,
117.8754,-38.48438,,,,20.27,,0.09,,,
118.1256,-38.37113,,,,20.31,,0.08,,,
117.9734,-38.28387,,,,20.32,,0.11,0.926,0.997,M
117.7437,-38.64021,,,,20.33,,0.14,,,
117.7468,-38.38128,,,,20.36,,0.08,0.006,0.004,F
118.024,-38.3572,,,,20.39,,0.09,,,
117.8776,-38.29995,,,,20.43,,0.1,,,
118.1392,-38.41568,,,,20.46,,0.1,,,
118.0703,-38.503,,,,20.51,,0.12,,,
117.7812,-38.34873,,,,20.51,,0.12,,,
118.0739,-38.61185,,,,20.52,,0.12,0.957,0.997,M
117.7081,-38.47797,,,,20.57,,0.09,,,
117.9944,-38.59412,,,,20.58,,0.11,,,
117.701,-38.48227,,,,20.58,,0.1,,,
117.8768,-38.36892,,,,20.61,,0.13,,,
117.7328,-38.37695,,,,20.63,,0.13,,,
117.8665,-38.31207,,,,20.63,,0.12,0.004,0.002,F
117.7559,-38.3553,,,,20.65,,0.12,,,
117.6832,-38.47109,,,,20.66,,0.12,0.555,0.984,M
117.9966,-38.67437,,,,20.68,,0.09,,,
117.814,-38.42784,,,,20.72,,0.11,,,
117.7064,-38.45978,,,,20.72,,0.08,,,
117.7196,-38.53007,,,,20.75,,0.12,0.021,0.004,F
117.9138,-38.62568,,,,20.77,,0.09,,,
118.0301,-38.61483,,,,20.81,,0.14,,,
118.1562,-38.40801,,,,20.81,,0.17,,,
117.688,-38.44943,,,,20.81,,0.11,,,
117.776,-38.34329,,,,20.83,,0.15,,,
117.8785,-38.30447,,,,20.85,,0.13,,,
117.6817,-38.4805,,,,20.86,,0.13,,,
117.7749,-38.59565,,,,20.86,,0.1,,,
117.676,-38.4907,,,,20.88,,0.12,0.443,0.981,M
117.8502,-38.30632,,,,20.9,,0.11,,,
118.0591,-38.59144,,,,20.91,,0.14,,,
117.6932,-38.52365,,,,20.93,,0.13,0.004,0.001,F
117.8754,-38.32443,,,,20.99,,0.15,,,
117.6766,-38.49949,,,,20.99,,0.15,0.464,0.977,M
117.6764,-38.48577,,,,21.0,,0.16,,,
117.919,-38.2799,,,,21.02,,0.2,,,
118.0475,-38.40626,,,,21.02,,0.15,,,
117.6786,-38.48268,,,,21.06,,0.14,0.004,0.001,F
117.6998,-38.43906,,,,21.08,,0.14,0.477,0.971,M
117.8972,-38.29243,,,,21.09,,0.15,,,
117.7427,-38.38981,,,,21.1,,0.2,,,
118.0818,-38.48057,,,,21.1,,0.24,,,
117.7018,-38.42686,,,,21.11,,0.13,,,
118.1128,-38.55685,,,,21.17,,0.16,,,
118.0606,-38.51884,,,,21.18,,0.2,,,
118.0385,-38.62681,,,,21.19,,0.17,,,
117.8448,-38.33152,,,,21.19,,0.14,,,
118.112,-38.51734,,,,21.19,,0.18,,,
117.8002,-38.34562,,,,21.21,,0.19,,,
117.834,-38.33795,,,,21.24,,0.13,,,
118.0748,-38.37033,,,,21.28,,0.17,,,
117.7411,-38.63836,,,,21.31,,0.18,0.009,0.007,F
117.74,-38.61158,,,,21.35,,0.17,,,
118.0498,-38.47027,,,,21.36,,0.37,,,
117.815,-38.30804,,,,21.37,,0.18,0.599,0.97,M
117.9089,-38.41883,,,,21.37,,0.22,,,
117.862,-38.4064,,,,21.38,,0.2,,,
118.1514,-38.46016,,,,21.39,,0.2,,,
117.7242,-38.61851,,,,21.4,,0.16,0.007,0.002,F
117.7808,-38.34113,,,,21.42,,0.22,,,
117.7021,-38.48664,,,,21.44,,0.2,,,
118.0442,-38.56666,,,,21.48,,0.27,,,
117.8493,-38.32849,,,,21.49,,0.19,0.488,0.969,M
117.941,-38.28216,,,,21.51,,0.23,0.925,0.996,M
118.1603,-38.56654,,,,21.54,,0.22,,,
117.6838,-38.55447,,,,21.55,,0.22,,,
117.6859,-38.44507,,,,21.56,,0.23,,,
117.8702,-38.58126,,,,21.58,,0.23,,,
117.9063,-38.41664,,,,21.58,,0.23,,,
118.0895,-38.61337,,,,21.58,,0.2,,,
118.1505,-38.46263,,,,21.62,,0.23,,,
117.7323,-38.60113,,,,21.62,,0.21,0.01,0.009,F
118.1106,-38.51838,,,,21.63,,0.23,,,
118.0638,-38.5315,,,,21.64,,0.25,,,
117.8237,-38.62774,,,,21.66,,0.26,,,
118.0071,-38.40628,,,,21.68,,0.24,,,
118.1349,-38.45819,,,,21.68,,0.23,,,
117.8715,-38.51509,,,,21.68,,0.18,,,
117.6797,-38.52544,,,,21.71,,0.19,0.003,0.009,F
118.0853,-38.48352,,,,21.72,,0.26,,,
117.8412,-38.32942,,,,21.73,,0.23,,,
117.7239,-38.44277,,,,21.73,,0.18,,,
118.1114,-38.51837,,,,21.74,,0.3,,,
117.8493,-38.2937,,,,21.76,,0.22,,,
117.6823,-38.45698,,,,21.76,,0.17,,,
117.9631,-38.5363,,,,21.78,,0.33,,,
118.1107,-38.55774,,,,21.78,,0.24,,,
118.0825,-38.48054,,,,21.83,,0.31,,,
117.948,-38.61135,,,,21.86,,0.28,,,
117.9345,-38.2926,,,,21.88,,0.23,,,
117.9062,-38.41915,,,,21.88,,0.4,,,
117.7682,-38.3431,,,,21.98,,0.25,,,
118.0859,-38.46455,,,,21.99,,0.29,,,
118.0346,-38.55878,,,,22.01,,0.3,,,
117.7343,-38.40316,,,,22.02,,0.26,,,
117.7882,-38.32379,,,,22.04,,0.29,,,
118.1734,-38.4354,,,,22.04,,0.31,,,
117.9056,-38.4195,,,,22.06,,0.27,,,
118.055,-38.54993,,,,22.06,,0.21,,,
117.7482,-38.51027,,,,22.07,,0.3,,,
117.8578,-38.52987,,,,22.07,,0.27,,,
117.6749,-38.49703,,,,22.1,,0.27,,,
118.0845,-38.53668,,,,22.1,,0.32,,,
117.8676,-38.70614,,,,22.11,,0.26,,,
117.7347,-38.39952,,,,22.11,,0.24,,,
118.1207,-38.44131,,,,22.13,,0.32,,,
118.0715,-38.56444,,,,22.17,,0.3,,,
117.9807,-38.60443,,,,22.19,,0.33,,,
118.0246,-38.528,,,,22.19,,0.3,,,
117.8875,-38.30266,,,,22.2,,0.29,,,
118.0075,-38.44784,,,,22.2,,0.24,,,
118.1722,-38.42891,,,,22.2,,0.35,,,
118.0599,-38.53067,,,,22.21,,0.39,,,
118.0722,-38.56592,,,,22.21,,0.31,,,
117.7508,-38.35256,,,,22.21,,0.31,,,
117.9813,-38.53334,,,,22.21,,0.27,,,
118.1408,-38.59497,,,,22.23,,0.36,,,
117.8178,-38.36523,,,,22.24,,0.28,,,
118.0295,-38.55477,,,,22.24,,0.36,,,
117.9483,-38.61276,,,,22.28,,0.31,,,
117.69,-38.53254,,,,22.28,,0.27,,,
117.9506,-38.30267,,,,22.28,,0.37,,,
117.741,-38.63328,,,,22.28,,0.29,,,
118.0377,-38.682,,,,22.29,,0.22,,,
117.6924,-38.46042,,,,22.29,,0.26,0.002,0.002,F
118.0372,-38.59364,,,,22.31,,0.29,,,
117.9581,-38.39659,,,,22.31,,0.35,,,
117.7729,-38.66383,,,,22.31,,0.32,,,
118.0276,-38.3015,,,,22.31,,0.32,,,
117.8717,-38.57896,,,,22.32,,0.36,,,
118.0358,-38.55798,,,,22.32,,0.38,,,
118.1064,-38.64743,,,,22.32,,0.31,,,
118.0192,-38.53505,,,,22.32,,0.3,,,
118.0167,-38.6457,,,,22.32,,0.37,,,
117.8031,-38.3937,,,,22.32,,0.39,,,
118.0256,-38.55722,,,,22.34,,0.31,,,
118.0351,-38.68525,,,,22.34,,0.3,,,
117.9525,-38.30766,,,,22.34,,0.28,,,
117.924,-38.52928,,,,22.36,,0.29,,,
117.9282,-38.41812,,,,22.36,,0.34,,,
117.8965,-38.56431,,,,22.36,,0.34,,,
117.8722,-38.51966,,,,22.36,,0.37,,,
118.0382,-38.64381,,,,22.37,,0.37,,,
117.8383,-38.55929,,,,22.37,,0.3,,,
117.7066,-38.60194,,,,22.37,,0.36,,,
117.9328,-38.64879,,,,22.38,,0.31,,,
118.0234,-38.5315,,,,22.38,,0.34,,,
117.7751,-38.33429,,,,22.39,,0.28,,,
118.0676,-38.52423,,,,22.39,,0.36,,,
118.0838,-38.6484,,,,22.39,,0.32,,,
117.7473,-38.63757,,,,22.4,,0.27,,,
118.0807,-38.36428,,,,22.4,,0.35,,,
117.6775,-38.54328,,,,22.43,,0.38,,,
118.0614,-38.53798,,,,22.44,,0.37,,,
118.078,-38.65115,,,,22.44,,0.35,,,
117.9205,-38.648,,,,22.45,,0.35,,,
118.1491,-38.52842,,,,22.45,,0.31,,,
117.7676,-38.33478,,,,22.45,,0.35,,,
118.0822,-38.4082,,,,22.46,,0.36,,,
118.0328,-38.44803,,,,22.46,,0.36,,,
118.02,-38.62703,,,,22.47,,0.34,,,
118.0256,-38.59931,,,,22.48,,0.33,,,
118.0589,-38.61641,,,,22.48,,0.36,,,
118.1624,-38.41556,,,,22.48,,0.37,,,
117.9976,-38.49971,,,,22.48,,0.31,,,
117.6846,-38.55222,,,,22.5,,0.36,,,
118.0392,-38.64447,,,,22.5,,0.38,,,
118.0646,-38.36891,,,,22.5,,0.39,,,
117.8941,-38.64554,,,,22.5,,0.36,,,
118.0383,-38.56039,,,,22.51,,0.38,,,
117.6805,-38.49811,,,,22.51,,0.39,,,
118.1254,-38.53078,,,,22.52,,0.32,,,
117.9494,-38.28477,,,,22.52,,0.36,,,
117.8099,-38.31282,,,,22.53,,0.37,,,
118.0958,-38.42955,,,,22.53,,0.37,,,
117.9058,-38.68441,,,,22.53,,0.33,,,
117.7471,-38.36398,,,,22.54,,0.35,,,
117.9753,-38.40107,,,,22.54,,0.33,,,
117.9022,-38.31017,,,,22.55,,0.39,,,
117.8123,-38.59284,,,,22.56,,0.37,,,
117.8358,-38.38474,,,,22.56,,0.39,,,
117.7746,-38.64762,,,,22.56,,0.35,,,
117.9517,-38.65965,,,,22.57,,0.35,,,
117.7376,-38.37635,,,,22.59,,0.38,,,
118.1309,-38.59911,,,,22.59,,0.34,,,
117.8202,-38.48002,,,,22.6,,0.38,,,
118.0533,-38.55739,,,,22.6,,0.37,,,
118.0213,-38.6894,,,,22.6,,0.3,,,
118.1738,-38.43686,,,,22.61,,0.36,,,
118.1371,-38.60578,,,,22.61,,0.36,,,
118.0955,-38.37827,,,,22.62,,0.26,,,
117.9021,-38.60129,,,,22.62,,0.37,,,
117.9339,-38.54402,,,,22.62,,0.33,,,
117.9501,-38.43559,,,,22.63,,0.38,,,
117.8835,-38.36266,,,,22.64,,0.36,,,
117.9186,-38.34176,,,,22.64,,0.39,,,
118.0704,-38.5439,,,,22.66,,0.38,,,
117.9917,-38.59429,,,,22.66,,0.35,,,
118.0362,-38.32005,,,,22.67,,0.4,,,
117.9289,-38.68255,,,,22.67,,0.34,,,
117.7838,-38.32598,,,,22.67,,0.4,,,
117.8568,-38.59144,,,,22.68,,0.35,,,
118.0674,-38.32451,,,,22.69,,0.37,,,
118.067,-38.58125,,,,22.72,,0.39,,,
117.947,-38.30427,,,,22.73,,0.33,,,
118.0992,-38.5674,,,,22.77,,0.37,,,
117.975,-38.36248,,,,22.78,,0.36,,,
118.0801,-38.36645,,,,22.79,,0.39,,,
117.7609,-38.65533,,,,22.86,,0.4,,,
