RAdeg,DEdeg,F148W,F148W_sat,e_F148W,F154W,F154W_sat,e_F154W,F169M,F169M_sat,e_F169M,P_F6,P_F10,class
132.7986,11.75628,,14.27,,,13.91,,,13.4,,,,
132.8754,11.97335,22.8,,0.17,,,,22.25,,0.18,,,
132.9384,11.94866,22.81,,0.17,,,,,,,,,
132.9452,11.94334,23.92,,0.33,,,,,,,,,
132.9474,11.94173,24.77,,0.37,,,,,,,,,
132.9452,11.94139,24.43,,0.31,,,,,,,,,
132.9204,11.94961,24.64,,0.33,,,,,,,,,
132.8636,11.97009,24.83,,0.39,,,,,,,,,
132.957,11.93228,23.85,,0.24,,,,,,,,,
132.9575,11.93168,24.05,,0.37,,,,,,,,,
132.8142,11.98418,24.05,,0.31,,,,,,,,,
132.90145,11.94752,23.58,,0.24,,,,22.7,,0.22,0.963,0.999,M
132.885,11.95353,24.49,,0.33,,,,,,,,,
132.8292,11.97292,22.22,,0.16,,,,21.84,,0.14,,,
132.9489,11.92646,24.49,,0.33,,,,,,,,,
132.8135,11.9771,22.28,,0.14,,,,21.81,,0.14,0.01,0.023,F
132.7902,11.98613,22.91,,0.2,,,,,,,0.951,0.994,M
132.9633,11.9174,24.41,,0.36,,,,,,,,,
132.9767,11.90892,24.2,,0.31,,,,,,,,,
132.9557,11.91547,24.56,,0.32,,,,,,,,,
132.9377,11.92089,24.46,,0.36,,,,,,,,,
132.9429,11.91874,23.33,,0.24,,,,22.83,,0.21,,,
132.7925,11.97628,24.53,,0.37,,,,,,,,,
132.7878,11.97801,24.59,,0.3,,,,,,,,,
132.7771,11.97863,23.1,,0.21,,,,,,,,,
132.8163,11.9631,24.71,,0.32,,,,,,,,,
132.9309,11.91858,24.55,,0.39,,,,,,,,,
132.8624,11.94479,24.63,,0.36,,,,,,,,,
132.8025,11.96595,24.42,,0.3,,,,,,,,,
132.8421,11.94929,24.59,,0.4,,,,,,,,,
132.9426,11.90986,24.56,,0.36,,,,,,,,,
132.97,11.89873,24.11,,0.33,,,,,,,,,
132.8021,11.96272,24.58,,0.39,,,,,,,,,
132.9249,11.91471,24.44,,0.32,,,,,,,,,
132.9169,11.91778,24.4,,0.33,,,,,,,,,
132.8848,11.92919,24.22,,0.33,,,,,,,,,
132.9025,11.92149,23.53,,0.25,,,,,,,,,
132.9606,11.89867,24.02,,0.35,,,,,,,,,
132.99853,11.88281,22.41,,0.14,22.19,,0.21,22.39,,0.23,,,
132.9979,11.88212,24.2,,0.32,,,,,,,,,
132.8772,11.92652,24.38,,0.35,,,,,,,,,
132.8903,11.92026,24.44,,0.32,,,,,,,,,
132.95563,11.89423,20.56,,0.05,20.38,,0.11,20.25,,0.06,,,
132.8227,11.94531,24.72,,0.38,,,,,,,,,
132.8662,11.92813,22.99,,0.18,,,,,,,0.914,0.988,M
132.865,11.9285,24.24,,0.29,,,,,,,,,
132.748,11.97334,24.96,,0.38,,,,,,,,,
132.7973,11.953,24.69,,0.37,,,,,,,,,
132.88365,11.91914,23.33,,0.2,,,,22.43,,0.18,,,
132.9648,11.88568,24.12,,0.36,,,,,,,,,
132.73,11.97592,23.5,,0.22,,,,,,,,,
132.8912,11.91086,24.61,,0.37,,,,,,,,,
132.7911,11.9484,24.66,,0.36,,,,,,,,,
132.8013,11.94436,24.7,,0.38,,,,,,,,,
132.8783,11.91441,24.83,,0.38,,,,,,,,,
132.8817,11.91281,24.72,,0.37,,,,,,,,,
132.8965,11.90694,24.59,,0.35,,,,,,,,,
132.7501,11.96092,24.55,,0.35,,,,,,,,,
132.9756,11.87346,24.84,,0.4,,,,,,,,,
132.8279,11.93046,23.2,,0.17,,,,,,,0.969,0.999,M
132.7961,11.9416,24.1,,0.25,,,,,,,,,
132.7444,11.96167,23.55,,0.23,,,,,,,,,
132.7856,11.94547,24.23,,0.32,,,,,,,,,
132.9551,11.87859,24.59,,0.39,,,,,,,,,
132.7577,11.95439,24.55,,0.39,,,,,,,,,
133.0134,11.85507,25.02,,0.37,,,,,,,,,
132.9888,11.86385,24.35,,0.28,,,,,,,,,
132.78235,11.9419,23.84,,0.25,,,,23.26,,0.27,,,
132.7865,11.93924,24.38,,0.28,,,,,,,,,
132.9983,11.85553,23.68,,0.36,,,,,,,,,
132.9988,11.8554,23.16,,0.22,,,,,,,,,
132.876,11.90288,22.96,,0.18,,,,,,,,,
132.8725,11.90378,22.45,,0.14,,,,,,,0.796,0.003,C
132.8602,11.90838,24.3,,0.3,,,,,,,,,
132.9253,11.88281,25.06,,0.38,,,,,,,,,
132.9438,11.87481,24.71,,0.38,,,,,,,,,
132.9048,11.88944,24.77,,0.4,,,,,,,,,
132.8644,11.9029,24.57,,0.39,,,,,,,,,
132.9829,11.85633,16.7,,0.01,,,,,,,,,
132.9747,11.85883,24.67,,0.4,,,,,,,,,
132.9065,11.88504,24.35,,0.34,,,,,,,,,
132.7439,11.94703,23.91,,0.35,,,,,,,,,
132.9169,11.87871,23.07,,0.18,,,,22.68,,0.2,0.973,0.999,M
132.7467,11.94379,22.65,,0.16,,,,22.25,,0.16,0.706,0.004,C
132.8879,11.8879,24.59,,0.38,,,,,,,,,
132.8539,11.89907,21.82,,0.1,,,,,,,,,
132.7722,11.93024,24.62,,0.38,,,,,,,,,
132.88,11.88826,22.78,,0.16,,,,22.8,,0.22,0.956,0.999,M
132.8831,11.88664,22.4,,0.13,,,,21.9,,0.14,0.975,0.981,M
132.7929,11.92129,23.94,,0.26,,,,,,,,,
132.8506,11.89874,24.26,,0.33,,,,,,,,,
132.7159,11.94918,22.12,,0.14,,,,,,,,,
132.8641,11.89048,22.18,,0.12,,,,,,,0.967,0.998,M
132.8081,11.91174,24.73,,0.39,,,,,,,,,
132.7233,11.94443,24.74,,0.39,,,,,,,,,
132.7266,11.94129,22.21,,0.12,,,,,,,0.947,0.982,M
132.8808,11.8809,24.05,,0.32,,,,,,,,,
132.9513,11.85323,22.52,,0.15,22.39,,0.29,,,,0.776,0.003,C
132.9253,11.86338,24.53,,0.38,,,,,,,,,
132.8399,11.89312,24.32,,0.28,,,,,,,,,
132.8612,11.88476,24.52,,0.37,,,,,,,,,
132.8441,11.89146,23.28,,0.23,,,,,,,,,
132.7931,11.91116,24.82,,0.38,,,,,,,,,
132.8012,11.90642,23.88,,0.3,,,,,,,0.969,0.997,M
133.0246,11.8185,24.67,,0.35,,,,,,,,,
132.8366,11.89056,17.35,,0.02,,,,17.1,,0.02,,,
132.9638,11.84117,24.27,,0.3,,,,,,,,,
132.8621,11.88059,24.74,,0.38,,,,,,,,,
132.9185,11.85859,24.46,,0.34,,,,,,,,,
132.7949,11.90652,24.53,,0.36,,,,,,,,,
132.848,11.885,24.08,,0.28,,,,,,,,,
132.9487,11.84415,23.39,,0.21,,,,,,,,,
132.8324,11.88923,24.08,,0.31,,,,,,,,,
132.8567,11.87834,24.32,,0.36,,,,,,,,,
132.7665,11.91268,24.72,,0.39,,,,,,,,,
132.8169,11.89309,24.8,,0.34,,,,,,,,,
132.9049,11.85884,23.24,,0.25,,,,,,,,,
132.9465,11.8428,24.62,,0.38,,,,,,,,,
132.8563,11.87745,22.66,,0.17,,,,,,,0.959,0.998,M
132.905,11.85831,23.92,,0.34,,,,,,,,,
132.8715,11.87077,24.59,,0.37,,,,,,,,,
132.8638,11.87371,24.2,,0.34,,,,,,,,,
132.8903,11.86285,22.75,,0.16,,,,,,,,,
132.8677,11.87097,22.13,,0.11,,,,,,,,,
132.9174,11.85146,24.58,,0.31,,,,,,,,,
132.8673,11.87031,24.07,,0.35,,,,,,,,,
132.8612,11.87194,23.85,,0.32,,,,,,,,,
132.8682,11.86911,24.24,,0.33,,,,,,,,,
132.7377,11.91951,24.43,,0.38,,,,,,,,,
132.8687,11.86869,24.04,,0.3,,,,,,,,,
132.8616,11.87131,24.54,,0.35,,,,,,,,,
132.8035,11.8937,24.05,,0.28,,,,,,,,,
132.7192,11.92619,24.29,,0.31,,,,,,,,,
132.8477,11.87636,24.64,,0.37,,,,,,,,,
132.8865,11.86117,24.29,,0.31,,,,,,,,,
132.8278,11.88378,24.56,,0.35,,,,,,,,,
132.8533,11.87354,24.87,,0.38,,,,,,,,,
132.9617,11.83137,24.43,,0.38,,,,,,,,,
132.8339,11.88001,23.16,,0.2,,,,,,,0.965,0.999,M
132.8606,11.86946,24.37,,0.33,,,,,,,,,
132.9078,11.85022,24.58,,0.35,,,,,,,,,
132.7687,11.90393,22.76,,0.19,,,,,,,,,
132.768,11.90411,22.95,,0.22,,,,,,,,,
132.8977,11.85365,24.15,,0.32,,,,,,,,,
132.8515,11.87093,24.4,,0.38,,,,,,,,,
132.7552,11.90709,23.57,,0.22,,,,,,,,,
132.8755,11.86042,24.53,,0.34,,,,,,,,,
132.8157,11.88294,21.96,,0.11,,,,,,,,,
132.7427,11.91119,24.38,,0.36,,,,,,,,,
132.8542,11.86791,23.86,,0.35,,,,,,,,,
132.8626,11.86464,14.83,,0.01,14.76,,0.02,,,,0.829,0.011,C
132.95475,11.82877,22.02,,0.11,,,,21.66,,0.13,0.176,0.02,F
132.8314,11.8763,24.34,,0.31,,,,,,,,,
133.0197,11.80288,24.39,,0.35,,,,,,,,,
132.8563,11.86629,24.03,,0.31,,,,,,,,,
132.9897,11.81436,24.27,,0.3,,,,,,,,,
132.9119,11.84412,24.69,,0.34,,,,,,,,,
132.893,11.85168,16.93,,0.01,,,,16.57,,0.01,,,
132.9644,11.82315,24.64,,0.38,,,,,,,,,
132.9581,11.82538,22.5,,0.16,22.06,,0.21,21.99,,0.14,,,
132.8902,11.85011,24.25,,0.32,,,,,,,,,
132.7788,11.89295,23.77,,0.28,,,,,,,,,
132.8926,11.84848,22.67,,0.14,,,,,,,0.958,0.999,M
133.0258,11.79612,23.77,,0.29,,,,,,,,,
132.7508,11.90251,23.33,,0.21,,,,,,,,,
132.9467,11.82651,24.08,,0.3,,,,,,,,,
132.7529,11.90157,24.45,,0.33,,,,,,,,,
132.8876,11.84932,24.33,,0.32,,,,,,,,,
132.7438,11.905,24.27,,0.29,,,,,,,,,
133.0147,11.79982,24.5,,0.35,,,,,,,,,
132.89495,11.8459,23.17,,0.26,,,,21.89,,0.14,,,
132.881,11.85132,24.57,,0.39,,,,,,,,,
133.032,11.79215,23.74,,0.29,,,,,,,,,
132.8946,11.84555,22.08,,0.14,,,,,,,,,
132.8318,11.86973,23.22,,0.21,,,,,,,0.957,0.999,M
132.813,11.87695,24.09,,0.31,,,,,,,,,
132.8749,11.85247,23.27,,0.21,,,,,,,0.957,0.999,M
132.9712,11.81491,24.12,,0.28,,,,,,,,,
132.8919,11.84508,22.88,,0.18,,,,,,,,,
132.8508,11.86102,24.55,,0.39,,,,,,,,,
132.8544,11.85956,23.54,,0.26,,,,,,,,,
132.8584,11.85777,23.92,,0.34,,,,,,,,,
132.9453,11.82369,24.59,,0.38,,,,,,,,,
132.8573,11.85785,24.51,,0.35,,,,,,,,,
132.7163,11.9122,24.76,,0.36,,,,,,,,,
133.01455,11.79676,22.05,,0.1,22.02,,0.2,,,,,,
132.8801,11.84879,23.45,,0.26,,,,,,,,,
132.8711,11.85206,24.09,,0.33,,,,,,,,,
132.8584,11.85678,24.14,,0.32,,,,,,,,,
132.8197,11.87176,24.27,,0.3,,,,,,,,,
132.8565,11.85733,24.1,,0.35,,,,,,,,,
132.8411,11.86338,24.19,,0.33,,,,,,,,,
132.9529,11.81956,16.63,,0.01,,,,,,,,,
132.9287,11.82827,23.51,,0.28,,,,,,,,,
132.7374,11.90232,24.92,,0.39,,,,,,,,,
132.8857,11.8446,17.72,,0.01,,,,17.4,,0.02,0.789,0.015,C
132.779,11.88581,24.41,,0.36,,,,,,,,,
132.8687,11.85097,23.97,,0.28,,,,,,,,,
132.867,11.85137,24.72,,0.34,,,,,,,,,
132.8565,11.8554,24.28,,0.34,,,,,,,,,
132.7231,11.90698,23.95,,0.29,,,,,,,,,
132.78017,11.88389,21.66,,0.08,21.21,,0.14,20.92,,0.09,0.927,0.922,M
132.9053,11.83513,22.1,,0.12,,,,,,,,,
132.8378,11.86136,22.42,,0.15,,,,,,,,,
132.80057,11.87545,21.64,,0.1,21.81,,0.17,21.45,,0.12,,,
132.7583,11.89168,23.21,,0.22,,,,,,,,,
132.9935,11.80024,24.19,,0.31,,,,,,,,,
132.8226,11.86642,23.59,,0.22,,,,,,,,,
133.0302,11.78579,23.95,,0.24,,,,,,,,,
132.8531,11.85443,24.35,,0.29,,,,,,,,,
132.7747,11.88466,23.43,,0.32,,,,,,,,,
132.8434,11.85806,22.49,,0.12,,,,,,,0.971,0.999,M
132.7744,11.88454,22.94,,0.24,,,,,,,,,
132.8949,11.83719,23.68,,0.26,,,,,,,,,
133.0064,11.79326,24.52,,0.33,,,,,,,,,
133.0149,11.78988,24.35,,0.32,,,,,,,,,
132.8502,11.85352,24.31,,0.34,,,,,,,,,
132.9314,11.82171,24.83,,0.38,,,,,,,,,
132.97227,11.80591,21.85,,0.09,21.71,,0.2,21.68,,0.14,0.967,0.999,M
132.73335,11.8978,23.03,,0.18,,,,22.27,,0.15,,,
132.6612,11.92561,24.07,,0.38,,,,,,,,,
132.8869,11.83746,24.19,,0.28,,,,,,,,,
132.8438,11.85179,24.2,,0.31,,,,,,,,,
132.8212,11.86042,24.57,,0.34,,,,,,,,,
132.8331,11.85541,24.07,,0.3,,,,,,,,,
132.7322,11.89429,23.12,,0.19,,,,,,,,,
132.7344,11.89288,23.47,,0.25,,,,,,,,,
132.7919,11.86947,24.88,,0.37,,,,,,,,,
132.7468,11.88652,24.79,,0.39,,,,,,,,,
132.7922,11.86834,24.23,,0.32,,,,,,,,,
132.8678,11.83897,24.17,,0.36,,,,,,,,,
132.6763,11.91249,24.16,,0.31,,,,,,,,,
132.92005,11.81818,23.0,,0.18,,,,22.84,,0.24,0.968,0.999,M
133.0143,11.78115,24.84,,0.34,,,,,,,,,
132.9405,11.80958,20.95,,0.06,,,,20.96,,0.09,,,
132.8237,11.85467,24.14,,0.36,,,,,,,,,
132.975,11.7959,24.46,,0.31,,,,,,,,,
132.8242,11.85356,24.25,,0.36,,,,,,,,,
132.7705,11.87382,23.46,,0.21,,,,22.79,,0.2,0.769,0.006,C
132.7138,11.89548,24.49,,0.31,,,,,,,,,
132.8656,11.8362,24.69,,0.35,,,,,,,,,
132.8389,11.8455,22.81,,0.15,23.19,,0.38,,,,,,
132.867,11.83445,24.68,,0.37,,,,,,,,,
132.7577,11.87579,21.31,,0.09,,,,,,,,,
132.9105,11.81642,24.58,,0.32,,,,,,,,,
132.7563,11.87553,24.11,,0.37,,,,,,,,,
132.9706,11.79233,23.63,,0.3,,,,,,,,,
132.808,11.85522,24.81,,0.37,,,,,,,,,
132.7937,11.86058,24.52,,0.34,,,,,,,,,
132.8507,11.83747,24.12,,0.34,,,,,,,,,
132.9939,11.78152,21.71,,0.1,21.7,,0.16,21.49,,0.12,,,
132.8252,11.847,23.51,,0.23,,,,,,,,,
132.9924,11.78188,24.44,,0.38,,,,,,,,,
132.7706,11.86728,23.26,,0.19,,,,,,,,,
132.7702,11.86736,23.14,,0.18,,,,,,,,,
132.8429,11.83891,24.35,,0.33,,,,,,,,,
132.7701,11.86686,24.2,,0.31,,,,,,,,,
132.7944,11.85737,24.31,,0.36,,,,,,,,,
132.9083,11.81315,24.87,,0.38,,,,,,,,,
132.8041,11.85282,23.45,,0.2,,,,,,,,,
132.8947,11.81711,23.06,,0.2,,,,,,,,,
132.8992,11.81447,23.25,,0.21,,,,,,,0.977,0.999,M
132.7477,11.87319,24.27,,0.35,,,,,,,,,
132.8338,11.83966,23.01,,0.18,,,,22.7,,0.2,0.936,0.996,M
133.0363,11.76083,22.94,,0.18,,,,,,,,,
132.9274,11.80308,24.38,,0.31,,,,,,,,,
132.8495,11.83332,24.28,,0.37,,,,,,,,,
132.8199,11.84406,22.83,,0.18,,,,,,,0.936,0.999,M
132.7634,11.86582,24.34,,0.3,,,,,,,,,
132.752,11.8702,24.16,,0.31,,,,,,,,,
132.9284,11.80132,24.49,,0.35,,,,,,,,,
132.8514,11.8306,23.64,,0.26,,,,,,,0.821,0.075,C
132.86727,11.82435,20.29,,0.05,20.28,,0.1,19.88,,0.06,0.864,0.982,M
132.7389,11.87386,22.61,,0.16,,,,,,,,,
132.8774,11.82039,22.24,,0.13,22.4,,0.26,21.82,,0.14,0.913,0.998,M
132.7797,11.85762,24.27,,0.32,,,,,,,,,
132.7391,11.87296,23.59,,0.32,,,,,,,,,
132.9018,11.80967,24.72,,0.37,,,,,,,,,
132.7387,11.87287,23.55,,0.32,,,,,,,,,
132.7519,11.86711,24.57,,0.34,,,,,,,,,
132.8238,11.83912,24.26,,0.33,,,,,,,,,
132.8101,11.84451,22.82,,0.18,22.43,,0.24,22.44,,0.17,0.966,0.999,M
132.8483,11.82954,18.53,,0.04,,,,,,,,,
132.8486,11.82852,23.72,,0.25,,,,,,,,,
132.7923,11.84993,23.64,,0.26,,,,,,,,,
132.8857,11.8132,16.82,,0.01,,,,,,,,,
133.0077,11.76573,24.35,,0.31,,,,,,,,,
132.80675,11.84381,22.32,,0.13,,,,21.85,,0.15,0.799,0.007,C
133.0068,11.766,23.97,,0.33,,,,,,,,,
132.973,11.77911,24.68,,0.38,,,,,,,,,
132.828,11.83514,24.05,,0.28,,,,,,,,,
132.9065,11.80458,24.4,,0.32,,,,,,,,,
132.86053,11.82235,22.74,,0.16,22.86,,0.28,22.55,,0.18,0.919,0.997,M
132.7198,11.87647,24.58,,0.33,,,,,,,,,
132.7314,11.8719,24.71,,0.35,,,,,,,,,
132.87737,11.81522,22.71,,0.18,23.13,,0.34,22.28,,0.16,0.733,0.166,C
132.8293,11.83331,23.97,,0.25,,,,,,,,,
132.732,11.87078,21.54,,0.08,,,,21.33,,0.1,0.938,0.008,C
132.8029,11.84308,23.63,,0.24,,,,22.38,,0.16,,,
132.8711,11.81647,24.56,,0.34,,,,,,,,,
132.82077,11.83598,22.3,,0.12,22.1,,0.19,21.75,,0.13,,,
132.9006,11.80439,24.68,,0.39,,,,,,,,,
132.9128,11.79886,23.63,,0.24,,,,,,,0.967,0.999,M
132.7931,11.84476,24.39,,0.38,,,,,,,,,
132.7935,11.84452,24.09,,0.33,,,,,,,,,
132.7417,11.86454,24.7,,0.35,,,,,,,,,
132.8321,11.82947,24.42,,0.28,,,,,,,,,
132.7939,11.84403,24.34,,0.32,,,,,,,,,
132.8581,11.81911,22.5,,0.13,22.32,,0.23,22.16,,0.16,0.96,0.999,M
132.9229,11.79342,23.67,,0.24,,,,,,,0.975,0.999,M
132.8368,11.82652,24.38,,0.31,,,,,,,,,
132.8718,11.81263,24.67,,0.38,,,,,,,,,
132.6696,11.8908,24.53,,0.35,,,,,,,,,
132.6631,11.89234,24.34,,0.31,,,,,,,,,
132.9075,11.79736,24.69,,0.35,,,,,,,,,
132.7832,11.84476,24.72,,0.34,,,,,,,,,
132.883,11.80573,24.38,,0.39,,,,,,,,,
132.8457,11.82037,21.52,,0.08,21.29,,0.11,21.05,,0.1,0.926,0.99,M
132.7484,11.85792,24.64,,0.34,,,,,,,,,
132.85405,11.81693,22.66,,0.15,22.64,,0.26,,,,,,
132.88,11.80678,24.5,,0.34,,,,,,,,,
132.7473,11.85816,24.41,,0.32,,,,,,,,,
133.0363,11.74603,24.35,,0.36,,,,,,,,,
132.7188,11.86867,23.18,,0.18,,,,,,,,,
132.9293,11.78642,24.64,,0.4,,,,,,,,,
132.8165,11.83011,24.56,,0.38,,,,,,,,,
132.8072,11.83308,23.15,,0.18,,,,22.76,,0.22,,,
132.7547,11.85317,24.36,,0.39,,,,,,,,,
132.6621,11.88884,24.5,,0.33,,,,,,,,,
132.86183,11.8113,20.07,,0.04,19.79,,0.08,19.62,,0.04,,,
132.7995,11.83543,23.13,,0.19,,,,,,,,,
132.7477,11.85539,24.96,,0.36,,,,,,,,,
132.8413,11.81889,24.56,,0.36,,,,,,,,,
132.7409,11.85726,24.57,,0.38,,,,,,,,,
132.9324,11.78257,23.11,,0.2,23.13,,0.31,,,,,,
133.0355,11.74222,23.89,,0.26,,,,,,,,,
132.885,11.80047,23.91,,0.26,,,,,,,,,
132.9326,11.78191,23.47,,0.29,,,,,,,,,
132.82715,11.82264,22.67,,0.17,,,,21.85,,0.15,0.97,0.998,M
132.8059,11.83088,24.78,,0.34,,,,,,,,,
132.8515,11.81257,24.15,,0.34,,,,,,,,,
132.8818,11.80064,24.5,,0.35,,,,,,,,,
132.8852,11.79797,22.36,,0.12,22.1,,0.21,,,,0.304,0.014,F
132.6959,11.87056,24.17,,0.31,,,,,,,,,
132.8319,11.81714,24.36,,0.34,,,,,,,,,
132.9584,11.76715,24.52,,0.36,,,,,,,,,
132.8124,11.8238,24.5,,0.33,,,,,,,,,
132.9164,11.78326,24.58,,0.35,,,,,,,,,
132.8406,11.81241,24.41,,0.34,,,,,,,,,
132.7262,11.8564,24.21,,0.27,,,,,,,,,
132.8173,11.82097,24.45,,0.32,,,,,,,,,
132.7969,11.82829,24.17,,0.36,,,,,,,,,
132.8044,11.82519,24.62,,0.38,,,,,,,,,
132.92785,11.77691,21.28,,0.07,21.18,,0.15,,,,,,
132.8469,11.80752,23.43,,0.23,,,,,,,0.885,0.013,C
132.9002,11.78613,25.03,,0.38,,,,,,,,,
132.8491,11.80522,24.33,,0.34,,,,,,,0.006,0.006,F
132.8464,11.80593,24.38,,0.31,,,,,,,,,
132.8037,11.82203,24.32,,0.38,,,,,,,,,
132.7409,11.84625,22.52,,0.24,,,,,,,,,
132.8749,11.79405,24.22,,0.33,,,,,,,,,
132.7779,11.83162,24.7,,0.39,,,,,,,,,
132.90525,11.78216,23.45,,0.22,,,,22.86,,0.23,0.977,0.999,M
132.7412,11.84559,23.87,,0.31,,,,,,,,,
132.83295,11.8113,16.93,,0.02,,,,17.06,,0.02,0.916,0.965,M
132.74007,11.84604,19.83,,0.04,19.88,,0.11,19.73,,0.05,,,
132.8592,11.79917,24.38,,0.33,,,,,,,,,
132.7995,11.8223,24.2,,0.27,,,,,,,,,
132.833,11.80904,23.14,,0.2,,,,,,,,,
132.8344,11.80838,23.69,,0.23,,,,,,,,,
132.9657,11.75584,23.97,,0.29,,,,,,,,,
132.9759,11.75181,24.26,,0.32,,,,,,,,,
132.7799,11.82774,24.86,,0.39,,,,,,,,,
132.8228,11.81092,24.54,,0.27,,,,,,,,,
132.8314,11.80716,24.28,,0.4,,,,,,,,,
132.9162,11.77423,24.66,,0.33,,,,,,,,,
132.8851,11.78503,24.88,,0.38,,,,,,,,,
132.84495,11.80057,23.56,,0.25,23.52,,0.37,,,,0.978,0.999,M
132.8923,11.7821,23.22,,0.2,,,,,,,0.969,0.998,M
132.7282,11.84541,24.5,,0.33,,,,,,,,,
132.9548,11.75723,24.93,,0.38,,,,,,,,,
132.8747,11.78811,24.02,,0.31,,,,,,,0.952,0.991,M
132.7865,11.82218,24.33,,0.4,,,,,,,,,
132.8159,11.81039,23.83,,0.3,,,,,,,,,
132.7088,11.85191,24.46,,0.36,,,,,,,,,
133.0145,11.73331,24.23,,0.29,,,,,,,,,
132.8737,11.78767,24.09,,0.32,,,,,,,,,
133.0306,11.72659,24.65,,0.38,,,,,,,,,
132.8807,11.78423,24.08,,0.37,,,,,,,,,
132.7294,11.8428,24.74,,0.34,,,,,,,,,
132.8274,11.80465,24.07,,0.26,,,,,,,,,
132.8126,11.80996,24.1,,0.31,,,,,,,,,
133.0342,11.72401,24.17,,0.32,,,,,,,,,
132.96065,11.75244,22.84,,0.19,23.28,,0.32,,,,,,
132.89995,11.77596,22.59,,0.15,,,,22.35,,0.18,0.978,0.996,M
132.8549,11.79335,22.18,,0.13,,,,,,,,,
132.708,11.85019,24.56,,0.39,,,,,,,,,
132.8934,11.7782,24.73,,0.4,,,,,,,,,
132.7112,11.84873,24.2,,0.27,,,,,,,,,
132.8748,11.7852,24.49,,0.35,,,,,,,,,
132.7985,11.81391,22.81,,0.17,,,,,,,0.969,0.999,M
132.919,11.76694,19.95,,0.05,20.08,,0.1,19.98,,0.06,0.145,0.038,F
132.8032,11.81084,24.19,,0.31,,,,,,,,,
132.64,11.87398,24.33,,0.33,,,,,,,,,
132.6228,11.88048,21.19,,0.08,,,,,,,0.386,0.825,M
132.9587,11.75013,23.23,,0.2,23.35,,0.38,,,,,,
132.845,11.79378,24.36,,0.34,,,,,,,,,
132.6685,11.86192,24.78,,0.39,,,,,,,,,
132.9769,11.74225,24.77,,0.35,,,,,,,,,
132.8202,11.80247,24.13,,0.35,,,,,,,,,
132.8154,11.80431,22.51,,0.13,,,,,,,,,
132.82995,11.79858,22.78,,0.18,22.72,,0.26,,,,0.97,0.999,M
132.8173,11.80348,24.4,,0.36,,,,,,,,,
132.8295,11.79859,24.07,,0.37,,,,,,,,,
132.8295,11.7979,24.44,,0.36,,,,,,,,,
132.8237,11.80018,23.98,,0.34,,,,,,,,,
132.75645,11.82607,22.32,,0.11,,,,22.36,,0.18,0.57,0.004,F
132.6539,11.86479,23.77,,0.3,,,,,,,,,
132.8842,11.77542,24.49,,0.36,,,,,,,,,
132.8093,11.80438,24.28,,0.37,,,,,,,,,
132.7903,11.81185,24.59,,0.37,,,,,,,,,
132.8138,11.80263,24.48,,0.36,,,,,,,,,
132.6539,11.8642,23.77,,0.25,,,,,,,,,
132.8633,11.78261,22.45,,0.15,,,,,,,0.408,0.877,M
132.8108,11.80268,24.42,,0.39,,,,,,,,,
132.6915,11.84886,24.33,,0.3,,,,,,,,,
132.8377,11.79209,24.06,,0.28,,,,,,,,,
132.8235,11.79752,24.57,,0.37,,,,,,,,,
132.8036,11.80475,24.2,,0.31,,,,,,,,,
132.85025,11.78656,22.57,,0.14,,,,22.02,,0.15,,,
132.7143,11.83904,23.36,,0.24,,,,,,,,,
133.0041,11.72662,24.72,,0.33,,,,,,,,,
132.8384,11.79076,24.44,,0.36,,,,,,,,,
132.93223,11.75421,22.08,,0.11,22.08,,0.24,21.63,,0.12,0.974,0.979,M
132.8505,11.78585,23.46,,0.23,,,,,,,0.955,0.999,M
132.94435,11.7494,20.98,,0.08,,,,20.5,,0.08,,,
132.731,11.83046,23.56,,0.22,,,,,,,,,
132.9364,11.7503,22.61,,0.15,,,,,,,0.973,0.999,M
132.8005,11.80291,23.91,,0.25,,,,,,,,,
132.7979,11.80314,24.27,,0.37,,,,,,,,,
132.9473,11.74508,24.24,,0.34,,,,,,,0.005,0.049,F
132.7698,11.81334,24.66,,0.39,,,,,,,,,
132.7884,11.80582,22.54,,0.14,,,,,,,0.704,0.872,M
132.7588,11.81699,22.48,,0.14,,,,21.82,,0.13,0.871,0.004,C
132.8893,11.76607,24.73,,0.39,,,,,,,,,
132.9249,11.75126,24.69,,0.39,,,,,,,,,
132.9372,11.74546,24.33,,0.3,,,,,,,,,
132.7537,11.81614,24.46,,0.32,,,,,,,,,
132.8604,11.77469,24.52,,0.36,,,,,,,,,
132.81445,11.79215,21.16,,0.08,21.1,,0.14,,,,0.382,0.014,F
132.7817,11.80399,23.98,,0.39,,,,,,,,,
132.7808,11.80402,24.14,,0.31,,,,23.58,,0.35,,,
132.8329,11.78346,19.89,,0.04,,,,19.52,,0.04,0.171,0.128,F
132.7825,11.8026,18.92,,0.03,,,,18.47,,0.03,,,
132.7805,11.80316,24.15,,0.32,,,,,,,,,
132.8801,11.76405,21.74,,0.08,,,,21.27,,0.11,0.969,0.991,M
132.82795,11.78414,22.52,,0.12,22.53,,0.23,,,,,,
132.746,11.8159,22.73,,0.13,,,,,,,0.951,0.999,M
132.7832,11.80118,24.04,,0.33,,,,,,,,,
132.7404,11.81773,24.36,,0.35,,,,,,,,,
132.8789,11.764,24.34,,0.36,,,,,,,,,
132.7772,11.80342,24.7,,0.37,,,,,,,,,
132.9686,11.72912,24.39,,0.34,,,,,,,,,
132.8418,11.77803,22.76,,0.17,,,,,,,0.972,0.999,M
133.0241,11.70695,22.87,,0.18,,,,,,,0.804,0.969,M
132.7732,11.80422,24.78,,0.39,,,,,,,,,
132.8429,11.77634,23.65,,0.23,,,,,,,,,
132.7472,11.8131,24.5,,0.36,,,,,,,,,
132.6893,11.83537,24.71,,0.4,,,,,,,,,
132.82225,11.7835,22.12,,0.11,,,,21.68,,0.12,0.975,0.976,M
132.83387,11.77832,21.74,,0.1,21.76,,0.18,21.4,,0.1,0.773,0.005,C
132.7664,11.80391,23.72,,0.3,,,,,,,,,
132.8692,11.76404,24.61,,0.35,,,,,,,,,
132.7477,11.81093,23.07,,0.18,,,,,,,,,
132.7566,11.80719,22.24,,0.11,,,,,,,,,
132.6533,11.84704,24.75,,0.33,,,,,,,,,
132.7224,11.81971,22.67,,0.13,,,,,,,,,
132.8867,11.75587,24.58,,0.37,,,,,,,,,
132.8275,11.77655,24.21,,0.33,,,,,,,,,
132.916,11.74184,24.48,,0.34,,,,,,,,,
132.7728,11.79737,24.41,,0.35,,,,,,,,,
132.83565,11.77121,20.94,,0.07,,,,20.7,,0.08,0.968,0.981,M
132.9218,11.73726,24.34,,0.3,,,,,,,,,
132.7454,11.80547,22.96,,0.14,,,,,,,0.315,0.394,F
132.7478,11.80446,24.13,,0.3,,,,,,,,,
132.7481,11.80384,24.64,,0.37,,,,,,,,,
132.6467,11.84295,23.96,,0.32,,,,,,,0.011,0.004,F
132.8542,11.76197,23.43,,0.21,,,,,,,,,
132.9693,11.7166,24.97,,0.34,,,,,,,,,
132.8502,11.76238,24.35,,0.37,,,,,,,,,
132.83565,11.76808,22.91,,0.18,,,,21.98,,0.15,0.966,0.999,M
132.7433,11.80312,24.59,,0.31,,,,,,,,,
132.7564,11.79731,22.9,,0.16,,,,,,,0.918,0.965,M
132.83845,11.76478,21.58,,0.09,21.45,,0.15,,,,0.265,0.011,F
132.7284,11.80719,24.0,,0.28,,,,,,,,,
132.7317,11.80554,24.53,,0.36,,,,,,,,,
132.7509,11.79782,24.76,,0.37,,,,,,,,,
132.7275,11.80629,23.79,,0.33,,,,,,,,,
132.8695,11.75123,24.38,,0.38,,,,,,,,,
132.7122,11.81062,24.67,,0.36,,,,,,,,,
132.7568,11.79259,23.96,,0.27,,,,,,,,,
132.6199,11.84552,24.29,,0.29,,,,,,,,,
132.9599,11.71355,24.25,,0.3,,,,,,,,,
132.6564,11.83082,22.9,,0.18,,,,,,,,,
132.8561,11.75317,24.48,,0.33,,,,,,,,,
132.825,11.76516,21.83,,0.09,21.69,,0.2,,,,0.492,0.008,F
132.9588,11.71293,23.98,,0.28,,,,,,,,,
133.0147,11.69008,22.04,,0.12,,,,21.73,,0.12,0.961,0.997,M
132.9261,11.72441,24.42,,0.33,,,,,,,,,
132.8013,11.7726,22.69,,0.16,22.1,,0.25,,,,0.968,0.992,M
132.762,11.78662,24.29,,0.28,,,,,,,,,
133.0051,11.69195,23.79,,0.26,,,,,,,,,
132.6968,11.81115,24.96,,0.39,,,,,,,,,
132.6645,11.82339,24.2,,0.34,,,,,,,,,
132.7154,11.80299,21.49,,0.09,,,,,,,0.025,0.016,F
132.8815,11.73831,24.48,,0.35,,,,,,,,,
132.687,11.81298,24.38,,0.3,,,,,,,,,
132.9261,11.72,24.68,,0.36,,,,,,,,,
132.7114,11.80292,22.73,,0.18,,,,,,,,,
132.9406,11.71406,23.39,,0.28,,,,,,,,,
132.772,11.77923,24.08,,0.3,,,,,,,,,
132.6886,11.81091,23.34,,0.18,,,,23.35,,0.28,,,
132.7448,11.78915,24.29,,0.35,,,,,,,,,
132.7113,11.80185,22.95,,0.19,,,,,,,,,
132.7284,11.79511,23.4,,0.27,,,,,,,,,
132.8897,11.7323,24.39,,0.34,,,,,,,,,
132.8983,11.72818,24.97,,0.39,,,,,,,,,
132.7063,11.80201,24.82,,0.36,,,,,,,,,
132.81953,11.75825,22.29,,0.11,22.64,,0.32,21.84,,0.14,0.738,0.012,C
132.9519,11.70614,23.4,,0.2,,,,,,,0.955,0.993,M
132.83665,11.75071,22.44,,0.13,,,,22.46,,0.19,0.775,0.93,M
132.9,11.72601,23.83,,0.35,,,,,,,,,
132.8475,11.74639,24.28,,0.29,,,,,,,,,
132.7112,11.79914,23.27,,0.2,,,,,,,,,
132.786,11.77002,22.3,,0.16,22.07,,0.22,21.93,,0.16,0.961,0.999,M
132.909,11.72213,24.54,,0.36,,,,,,,,,
132.7375,11.7886,24.52,,0.32,,,,,,,,,
132.8579,11.74186,24.62,,0.39,,,,,,,,,
132.6689,11.81376,24.82,,0.37,,,,,,,,,
132.7215,11.79284,22.75,,0.14,,,,22.11,,0.15,0.9,0.011,C
132.8562,11.74028,24.46,,0.32,,,,,,,,,
132.766,11.77496,22.3,,0.13,,,,,,,,,
132.7567,11.77861,24.08,,0.27,,,,,,,,,
132.6482,11.81999,24.78,,0.4,,,,,,,,,
132.7196,11.79184,24.09,,0.29,,,,,,,,,
132.8755,11.73056,22.54,,0.15,22.29,,0.27,22.4,,0.17,0.812,0.004,C
132.6527,11.81558,22.68,,0.16,,,,,,,0.817,0.944,M
132.6985,11.79796,22.97,,0.16,,,,,,,0.965,0.988,M
132.751,11.77754,24.53,,0.38,,,,,,,,,
132.8687,11.73076,24.48,,0.36,,,,,,,,,
132.9452,11.70066,24.7,,0.37,,,,,,,,,
132.7871,11.76217,22.35,,0.16,,,,,,,,,
132.81,11.75226,23.74,,0.33,,,,,,,,,
132.8439,11.73831,24.67,,0.36,,,,,,,,,
132.8093,11.75174,21.65,,0.12,,,,,,,,,
132.8108,11.75075,18.72,,0.02,,,,,,,,,
132.6388,11.81727,23.8,,0.21,,,,,,,0.895,0.989,M
132.6703,11.80456,24.62,,0.39,,,,,,,,,
132.77005,11.76574,22.26,,0.12,22.27,,0.23,,,,0.956,0.999,M
132.8601,11.73074,15.74,,0.01,,,,,,,0.756,0.061,C
132.9011,11.71415,24.2,,0.3,,,,,,,,,
132.9225,11.70578,24.47,,0.35,,,,,,,,,
132.7502,11.77213,24.12,,0.27,,,,,,,,,
132.726,11.78011,24.66,,0.3,,,,,,,,,
132.6876,11.79474,23.94,,0.36,,,,,,,,,
132.6891,11.79402,24.37,,0.33,,,,,,,,,
132.9219,11.70337,24.73,,0.36,,,,,,,,,
132.7383,11.77429,23.95,,0.27,,,,,,,,,
132.841,11.73432,24.49,,0.38,,,,,,,,,
132.93595,11.6976,22.48,,0.14,22.46,,0.3,,,,0.974,0.999,M
132.7869,11.75464,23.92,,0.35,,,,,,,,,
132.81785,11.74256,22.41,,0.13,22.18,,0.2,,,,0.967,0.999,M
132.74675,11.77036,23.22,,0.18,23.3,,0.31,,,,,,
132.7635,11.7631,22.31,,0.12,,,,,,,,,
132.9144,11.70413,24.44,,0.38,,,,,,,,,
132.688,11.79089,23.07,,0.21,,,,,,,,,
132.9123,11.70389,24.77,,0.38,,,,,,,,,
132.9248,11.69879,24.43,,0.34,,,,,,,,,
132.7408,11.76958,24.32,,0.37,,,,,,,,,
132.6679,11.79769,24.61,,0.38,,,,,,,,,
132.8697,11.71898,24.43,,0.38,,,,,,,,,
132.66995,11.79617,22.0,,0.1,,,,21.3,,0.09,0.895,0.978,M
132.8482,11.72647,24.4,,0.36,,,,,,,,,
132.9689,11.6782,24.64,,0.37,,,,,,,,,
132.9062,11.70242,24.77,,0.38,,,,,,,,,
132.7918,11.74664,24.04,,0.38,,,,,,,,,
132.9786,11.67382,20.53,,0.06,,,,20.09,,0.06,,,
132.60655,11.81724,22.62,,0.14,,,,22.44,,0.16,,,
132.8953,11.70494,18.77,,0.04,,,,18.81,,0.04,0.884,0.949,M
132.9683,11.67628,24.08,,0.31,,,,,,,,,
132.9475,11.68431,24.54,,0.35,,,,,,,,,
132.9398,11.6873,24.62,,0.37,,,,,,,,,
132.6493,11.79967,24.76,,0.36,,,,,,,,,
132.8903,11.70556,24.82,,0.39,,,,,,,,,
132.8367,11.72524,24.31,,0.33,,,,,,,,,
132.8531,11.71794,23.91,,0.26,,,,,,,,,
132.6749,11.78553,24.74,,0.4,,,,,,,,,
132.76463,11.75084,17.93,,0.02,17.73,,0.03,17.5,,0.02,0.75,0.006,C
132.8393,11.72155,23.62,,0.28,,,,,,,,,
132.9357,11.68336,24.24,,0.34,,,,,,,,,
132.8327,11.72243,24.38,,0.4,,,,,,,,,
132.7408,11.75768,24.51,,0.33,,,,,,,,,
132.7007,11.77256,24.73,,0.37,,,,,,,,,
132.8397,11.71868,23.6,,0.21,,,,,,,,,
132.82635,11.72368,22.56,,0.12,,,,22.35,,0.15,0.955,0.999,M
132.8395,11.71804,23.96,,0.32,,,,,,,,,
132.9699,11.66696,24.96,,0.4,,,,,,,,,
132.9303,11.6811,23.89,,0.31,,,,,,,,,
132.8811,11.70004,24.36,,0.32,,,,,,,,,
132.6748,11.77973,24.72,,0.39,,,,,,,,,
132.8981,11.69299,24.04,,0.29,,,,,,,,,
132.7357,11.7558,23.4,,0.2,,,,22.84,,0.19,0.005,0.004,F
132.8422,11.71372,24.49,,0.37,,,,,,,,,
132.8369,11.71535,24.1,,0.36,,,,,,,,,
132.8761,11.70011,24.48,,0.31,,,,,,,,,
132.854,11.70861,24.7,,0.4,,,,,,,,,
132.9552,11.66903,24.78,,0.38,,,,,,,,,
132.7309,11.75582,24.27,,0.28,,,,,,,,,
132.8348,11.71406,24.39,,0.32,,,,,,,,,
132.9074,11.68577,23.79,,0.27,,,,,,,,,
132.8249,11.71718,24.15,,0.3,,,,,,,,,
132.9078,11.68469,23.62,,0.29,,,,,,,,,
132.8611,11.70277,24.75,,0.35,,,,,,,,,
132.6956,11.76673,24.35,,0.36,,,,,,,,,
132.832,11.71385,24.83,,0.36,,,,,,,,,
132.7323,11.75128,24.78,,0.36,,,,,,,,,
132.9806,11.65454,24.44,,0.36,,,,,,,,,
132.7368,11.74901,24.63,,0.38,,,,,,,,,
132.7057,11.76092,24.32,,0.31,,,,,,,,,
132.8281,11.71341,24.56,,0.37,,,,,,,,,
132.8247,11.71454,24.39,,0.34,,,,,,,,,
132.9986,11.64597,24.31,,0.31,,,,,,,,,
132.9706,11.65649,23.78,,0.33,,,,,,,,,
132.97025,11.6567,23.04,,0.23,,,,22.6,,0.22,,,
132.7201,11.75328,23.97,,0.31,,,,,,,,,
132.9644,11.65814,24.52,,0.34,,,,,,,,,
132.7525,11.74034,24.22,,0.32,,,,,,,,,
132.9932,11.64697,24.72,,0.4,,,,,,,,,
132.7721,11.7325,22.04,,0.12,,,,,,,,,
132.6274,11.78751,23.35,,0.24,,,,,,,,,
132.7418,11.74197,24.46,,0.37,,,,,,,,,
132.9723,11.65239,24.21,,0.36,,,,,,,,,
132.7178,11.75085,24.16,,0.3,,,,,,,0.944,0.991,M
132.6874,11.76258,22.49,,0.12,,,,22.24,,0.17,,,
132.8407,11.70299,24.67,,0.39,,,,,,,,,
132.6358,11.78186,24.83,,0.38,,,,,,,,,
132.86815,11.69128,22.9,,0.25,,,,22.59,,0.2,,,
132.8362,11.70323,24.58,,0.37,,,,,,,,,
132.6983,11.75645,23.29,,0.23,,,,,,,0.959,0.987,M
132.6981,11.75617,24.49,,0.34,,,,,,,,,
132.835,11.7028,24.41,,0.28,,,,,,,,,
132.7439,11.73749,23.92,,0.29,,,,,,,,,
132.8118,11.7109,24.3,,0.35,,,,,,,,,
132.9406,11.66064,24.48,,0.36,,,,,,,,,
132.8522,11.69466,24.42,,0.36,,,,,,,,,
132.9165,11.66958,24.73,,0.36,,,,,,,,,
132.938,11.66088,24.76,,0.38,,,,,,,,,
132.6179,11.78425,24.62,,0.32,,,,,,,,,
132.71793,11.74537,21.53,,0.1,22.01,,0.29,21.44,,0.12,,,
132.8332,11.70009,24.74,,0.39,,,,,,,,,
132.7227,11.74296,23.52,,0.22,,,,,,,0.957,0.974,M
132.64125,11.77424,22.02,,0.11,,,,21.6,,0.12,0.893,0.978,M
132.757,11.72913,24.27,,0.33,,,,,,,,,
132.968,11.64662,24.97,,0.37,,,,,,,,,
132.97265,11.64244,22.04,,0.12,,,,21.49,,0.11,0.759,0.952,M
132.8242,11.69999,24.42,,0.36,,,,,,,,,
132.7576,11.72557,24.46,,0.33,,,,,,,,,
132.6965,11.74916,24.48,,0.36,,,,,,,,,
132.8882,11.67485,24.7,,0.33,,,,,,,,,
132.8168,11.70246,24.37,,0.36,,,,,,,,,
132.6416,11.77019,24.78,,0.39,,,,,,,,,
132.8585,11.68593,24.3,,0.35,,,,,,,,,
132.8082,11.7054,24.04,,0.29,,,,,,,,,
132.6986,11.74763,21.15,,0.08,,,,,,,,,
132.7501,11.72645,23.72,,0.28,,,,,,,,,
132.889,11.67255,24.09,,0.27,,,,,,,,,
132.8522,11.68558,24.24,,0.3,,,,,,,,,
132.7631,11.72006,24.62,,0.36,,,,,,,,,
132.7836,11.71149,24.43,,0.32,,,,,,,,,
132.9567,11.64365,24.54,,0.35,,,,,,,,,
132.8133,11.69911,24.58,,0.34,,,,,,,,,
132.9326,11.65262,24.77,,0.34,,,,,,,,,
132.9719,11.63716,24.31,,0.34,,,,,,,,,
132.9952,11.6278,23.54,,0.24,,,,,,,,,
132.8102,11.69946,24.31,,0.31,,,,,,,,,
132.8606,11.67914,24.69,,0.38,,,,,,,,,
132.7326,11.72865,24.58,,0.34,,,,,,,,,
132.8096,11.69836,24.42,,0.36,,,,,,,,,
132.7106,11.73614,24.5,,0.33,,,,,,,,,
132.8259,11.69125,23.6,,0.26,,,,,,,,,
132.7346,11.72636,24.6,,0.38,,,,,,,,,
132.803,11.69981,24.55,,0.39,,,,,,,,,
132.8264,11.69057,24.87,,0.33,,,,,,,,,
132.9447,11.64464,24.04,,0.26,,,,,,,,,
132.7959,11.70232,24.04,,0.26,,,,,,,,,
132.7552,11.71808,24.56,,0.34,,,,,,,,,
132.9936,11.62483,24.31,,0.32,,,,,,,,,
132.8165,11.69339,24.54,,0.28,,,,,,,,,
132.9204,11.65161,24.14,,0.33,,,,,,,,,
132.7344,11.72336,24.58,,0.37,,,,,,,,,
132.8446,11.68017,23.38,,0.19,,,,,,,,,
132.7948,11.69906,24.68,,0.38,,,,,,,,,
132.7444,11.71849,24.29,,0.32,,,,,,,,,
132.6928,11.73822,24.42,,0.29,,,,,,,,,
132.9197,11.64951,24.05,,0.31,,,,,,,,,
132.7949,11.69652,24.1,,0.28,,,,,,,,,
132.9721,11.62738,24.09,,0.26,,,,,,,,,
132.687,11.7373,24.76,,0.31,,,,,,,,,
132.8432,11.67662,24.28,,0.32,,,,,,,,,
132.7112,11.72782,24.48,,0.29,,,,,,,,,
132.9718,11.62671,24.82,,0.38,,,,,,,,,
132.6731,11.74176,23.38,,0.2,,,,23.12,,0.25,,,
132.6515,11.75021,23.21,,0.2,,,,,,,,,
132.7767,11.70161,24.57,,0.36,,,,,,,,,
132.8737,11.66372,21.95,,0.12,,,,,,,,,
132.7683,11.70434,24.62,,0.39,,,,,,,,,
132.7896,11.69595,23.66,,0.26,,,,,,,,,
132.8104,11.68732,24.38,,0.39,,,,,,,,,
132.804,11.68971,24.69,,0.4,,,,,,,,,
132.9537,11.63112,24.58,,0.32,,,,,,,,,
132.6871,11.73387,24.33,,0.32,,,,,,,,,
132.8098,11.68589,24.11,,0.31,,,,,,,0.965,0.998,M
132.9105,11.64663,24.72,,0.37,,,,,,,,,
132.6603,11.74236,24.55,,0.34,,,,,,,,,
132.7498,11.70739,24.59,,0.36,,,,,,,,,
132.9113,11.64429,24.14,,0.37,,,,,,,,,
132.82775,11.67672,23.24,,0.21,,,,22.49,,0.19,,,
132.7044,11.72385,24.52,,0.39,,,,,,,,,
132.6735,11.73558,24.75,,0.37,,,,,,,,,
132.9728,11.6192,24.65,,0.35,,,,,,,,,
132.6489,11.74391,23.68,,0.24,,,,,,,,,
132.6186,11.75442,24.87,,0.39,,,,,,,,,
132.6259,11.75111,23.45,,0.26,,,,,,,,,
132.8214,11.67508,24.65,,0.34,,,,,,,,,
132.6299,11.74892,24.44,,0.32,,,,,,,,,
132.8042,11.68141,23.58,,0.26,,,,,,,,,
132.6087,11.75647,23.14,,0.2,,,,,,,,,
132.8293,11.67104,22.85,,0.15,,,,,,,0.922,0.997,M
132.75545,11.69975,22.53,,0.12,22.09,,0.22,,,,0.931,0.999,M
132.8048,11.67965,24.34,,0.32,,,,,,,,,
132.7434,11.70341,23.18,,0.19,,,,,,,,,
132.7942,11.68335,24.56,,0.31,,,,,,,,,
132.6951,11.72114,24.56,,0.37,,,,,,,,,
132.9626,11.61748,21.2,,0.07,,,,20.9,,0.08,0.067,0.077,F
132.7614,11.69487,24.21,,0.34,,,,,,,,,
132.8218,11.67107,24.55,,0.38,,,,,,,,,
132.7816,11.68594,24.62,,0.37,,,,,,,,,
132.9662,11.61303,22.66,,0.16,,,,,,,0.066,0.066,F
132.69197,11.71903,22.27,,0.1,22.46,,0.24,22.04,,0.14,0.862,0.906,M
132.7665,11.69,24.25,,0.29,,,,,,,,,
132.7443,11.69826,24.31,,0.29,,,,,,,,,
132.7066,11.71212,24.38,,0.34,,,,,,,,,
132.8366,11.66113,23.07,,0.16,,,,,,,0.576,0.952,M
132.818,11.66684,24.75,,0.36,,,,,,,,,
132.7448,11.69516,24.14,,0.3,,,,,,,,,
132.8096,11.66946,24.65,,0.37,,,,,,,,,
132.65,11.73095,24.6,,0.36,,,,,,,,,
132.96075,11.60948,21.23,,0.08,,,,21.12,,0.08,,,
132.7977,11.67252,24.76,,0.35,,,,,,,,,
132.7477,11.6917,24.7,,0.39,,,,,,,,,
132.9342,11.61905,24.13,,0.31,,,,,,,,,
132.7153,11.70181,23.44,,0.18,,,,,,,,,
132.8233,11.66003,22.94,,0.17,23.12,,0.34,22.54,,0.18,,,
132.8935,11.63254,22.92,,0.16,,,,,,,,,
132.83987,11.65247,21.7,,0.09,21.7,,0.2,21.24,,0.08,,,
132.8249,11.65752,23.27,,0.22,,,,,,,,,
132.8603,11.64355,23.12,,0.18,,,,,,,0.73,0.948,M
132.8434,11.64966,24.88,,0.38,,,,,,,,,
132.7636,11.6805,24.33,,0.38,,,,,,,,,
132.9061,11.62399,24.73,,0.38,,,,,,,,,
132.8707,11.63727,24.55,,0.29,,,,,,,,,
132.9698,11.59864,23.86,,0.27,,,,23.62,,0.31,,,
132.6945,11.70284,24.03,,0.28,,,,,,,,,
132.78335,11.66822,22.15,,0.13,,,,22.27,,0.19,,,
132.7652,11.67524,22.58,,0.14,22.64,,0.27,,,,,,
132.8509,11.64153,24.27,,0.31,,,,,,,,,
132.8612,11.63738,24.41,,0.32,,,,,,,,,
132.9639,11.59677,22.3,,0.14,,,,,,,,,
132.7693,11.6721,24.38,,0.32,,,,,,,,,
132.9419,11.60487,21.85,,0.09,,,,21.37,,0.1,,,
132.9399,11.60512,24.66,,0.34,,,,,,,,,
132.7899,11.6625,22.8,,0.23,,,,,,,,,
132.6362,11.72188,23.44,,0.22,,,,,,,,,
132.9066,11.61741,19.58,,0.03,,,,,,,,,
132.7957,11.65984,23.24,,0.21,,,,,,,,,
132.9295,11.60771,24.46,,0.34,,,,,,,,,
132.7951,11.65935,23.08,,0.18,,,,,,,,,
132.7888,11.66177,22.86,,0.21,,,,,,,,,
132.8409,11.63967,23.82,,0.27,,,,,,,,,
132.9495,11.59751,23.1,,0.2,,,,,,,,,
132.7568,11.671,24.1,,0.32,,,,,,,,,
132.5923,11.73303,25.12,,0.39,,,,,,,,,
132.6687,11.70327,23.51,,0.21,,,,,,,0.869,0.979,M
132.7345,11.67726,24.6,,0.38,,,,,,,,,
132.7667,11.66328,24.66,,0.35,,,,,,,,,
132.72255,11.67868,22.99,,0.13,,,,23.0,,0.22,,,
132.6187,11.71814,23.48,,0.19,,,,,,,,,
132.8632,11.62134,24.59,,0.34,,,,,,,,,
132.8002,11.64582,24.18,,0.32,,,,,,,,,
132.8971,11.60799,24.57,,0.38,,,,,,,,,
132.8516,11.62565,24.57,,0.4,,,,,,,,,
132.9477,11.58807,24.7,,0.4,,,,,,,,,
132.7487,11.66441,22.15,,0.13,,,,21.68,,0.13,0.669,0.972,M
132.8624,11.61984,21.53,,0.1,,,,,,,,,
132.8223,11.63502,24.56,,0.36,,,,,,,,,
132.8613,11.61962,23.32,,0.28,,,,,,,,,
132.61165,11.71572,22.9,,0.19,,,,22.56,,0.19,,,
132.8621,11.6185,23.83,,0.3,,,,,,,,,
132.7535,11.66044,23.7,,0.27,,,,,,,,,
132.8986,11.60404,23.86,,0.26,,,,,,,,,
132.8902,11.60518,23.61,,0.21,,,,,,,,,
132.8599,11.61694,23.29,,0.2,,,,,,,,,
132.6733,11.68916,24.41,,0.3,,,,,,,,,
132.8053,11.63677,24.69,,0.38,,,,,,,,,
132.9014,11.59825,24.49,,0.31,,,,,,,,,
132.7479,11.65694,24.6,,0.34,,,,,,,,,
132.721,11.66724,23.07,,0.16,,,,,,,0.9,0.971,M
132.8397,11.61974,23.55,,0.26,,,,,,,,,
132.6063,11.70968,24.29,,0.3,,,,,,,,,
132.6967,11.67373,24.64,,0.32,,,,,,,,,
132.9287,11.58336,24.88,,0.38,,,,,,,,,
132.6428,11.68984,24.37,,0.33,,,,,,,,,
132.8832,11.59632,24.6,,0.35,,,,,,,,,
132.9007,11.58939,23.9,,0.32,,,,,,,,,
132.6256,11.69555,23.87,,0.28,,,,,,,,,
132.6237,11.69566,23.93,,0.28,,,,,,,,,
132.906,11.58596,23.54,,0.29,,,,,,,,,
132.6015,11.70339,23.59,,0.24,,,,,,,,,
132.781,11.63302,24.5,,0.35,,,,,,,,,
132.7601,11.64094,23.48,,0.2,,,,,,,,,
132.6313,11.69031,24.44,,0.35,,,,,,,,,
132.738,11.64894,25.08,,0.4,,,,,,,,,
132.8634,11.60001,24.49,,0.34,,,,,,,,,
132.6089,11.69823,23.04,,0.2,,,,,,,,,
132.6983,11.66277,24.5,,0.32,,,,,,,,,
132.7835,11.62883,24.38,,0.31,,,,,,,,,
132.7758,11.63169,23.06,,0.2,,,,,,,0.005,0.009,F
132.7823,11.6287,22.12,,0.14,22.58,,0.3,,,,,,
132.7532,11.64007,24.52,,0.3,,,,,,,,,
132.7331,11.6474,24.7,,0.33,,,,,,,,,
132.6963,11.65962,24.48,,0.34,,,,,,,,,
132.8432,11.60076,24.38,,0.35,,,,,,,,,
132.7865,11.6222,24.67,,0.35,,,,,,,,,
132.7836,11.62324,23.14,,0.22,,,,,,,,,
132.746,11.63746,24.29,,0.34,,,,,,,,,
132.7385,11.64018,23.2,,0.21,,,,,,,,,
132.677,11.66391,22.94,,0.16,,,,,,,0.772,0.956,M
132.7824,11.62132,24.56,,0.35,,,,,,,,,
132.9101,11.57127,24.55,,0.36,,,,,,,,,
132.7883,11.61823,24.95,,0.39,,,,,,,,,
132.674,11.66179,24.27,,0.34,,,,,,,,,
132.8994,11.57325,24.29,,0.34,,,,,,,,,
132.6801,11.65781,24.69,,0.39,,,,,,,,,
132.832,11.59888,24.78,,0.39,,,,,,,,,
132.7381,11.63452,23.23,,0.19,,,,,,,,,
132.6692,11.66116,24.31,,0.3,,,,,,,,,
132.9047,11.56978,23.71,,0.27,,,,,,,,,
132.757,11.62687,23.3,,0.22,,,,,,,,,
132.7561,11.62636,23.75,,0.25,,,,,,,,,
132.9133,11.56466,24.48,,0.35,,,,,,,,,
132.6801,11.65459,22.42,,0.14,,,,,,,0.011,0.004,F
132.7807,11.61502,22.87,,0.15,,,,22.16,,0.17,,,
132.6671,11.65825,23.28,,0.24,,,,,,,,,
132.734,11.63207,22.48,,0.17,,,,,,,,,
132.6819,11.65145,24.43,,0.36,,,,,,,,,
132.6897,11.64764,24.5,,0.31,,,,,,,,,
132.6202,11.67169,23.78,,0.27,,,,,,,,,
132.6195,11.67131,23.49,,0.24,,,,,,,,,
132.8858,11.56766,24.16,,0.33,,,,,,,,,
132.8936,11.56459,23.17,,0.2,,,,,,,,,
132.6266,11.66654,24.58,,0.27,,,,,,,,,
132.8677,11.57296,23.92,,0.29,,,,,,,,,
132.7351,11.6243,24.5,,0.34,,,,,,,,,
132.8736,11.5687,23.21,,0.21,,,,,,,,,
132.6368,11.65815,23.54,,0.21,,,,,,,,,
132.6714,11.64363,24.43,,0.32,,,,,,,,,
132.7165,11.62182,24.52,,0.37,,,,,,,,,
132.774,11.59863,24.56,,0.35,,,,,,,,,
132.7675,11.6003,23.34,,0.32,,,,,,,,,
132.7671,11.60043,23.17,,0.32,,,,,,,,,
132.6622,11.6403,23.38,,0.24,,,,,,,,,
132.6625,11.64009,23.9,,0.31,,,,,,,,,
132.711,11.61935,24.51,,0.37,,,,,,,,,
132.6875,11.625,22.77,,0.15,,,,22.85,,0.26,,,
132.7345,11.60598,24.04,,0.35,,,,,,,,,
132.7895,11.58191,24.71,,0.39,,,,,,,,,
132.8359,11.56373,24.3,,0.4,,,,,,,,,
132.7447,11.59906,24.31,,0.29,,,,,,,,,
132.7694,11.58863,24.63,,0.38,,,,,,,,,
132.7088,11.61128,22.45,,0.15,,,,,,,,,
132.8009,11.57434,24.37,,0.34,,,,,,,,,
132.7892,11.57844,24.21,,0.32,,,,,,,,,
132.6399,11.63449,24.61,,0.35,,,,,,,,,
132.7171,11.60425,23.34,,0.18,,,,,,,,,
132.6661,11.62275,24.63,,0.39,,,,,,,,,
132.847,11.55088,22.54,,0.13,,,,22.69,,0.22,,,
132.6475,11.62691,24.91,,0.37,,,,,,,,,
132.7361,11.59181,24.8,,0.27,,,,,,,,,
132.6798,11.61356,24.54,,0.29,,,,,,,,,
132.73185,11.59314,22.71,,0.14,,,,22.65,,0.18,0.587,0.938,M
132.67485,11.61457,23.12,,0.17,,,,22.68,,0.2,,,
132.80845,11.55857,22.52,,0.13,,,,21.94,,0.15,0.643,0.945,M
132.7338,11.58302,23.61,,0.28,,,,,,,,,
132.6408,11.61735,24.4,,0.29,,,,,,,,,
132.8304,11.54266,22.52,,0.14,,,,22.44,,0.19,,,
132.6826,11.59732,24.36,,0.37,,,,,,,,,
132.6817,11.59662,21.2,,0.08,,,,,,,,,
132.6471,11.6096,24.48,,0.33,,,,,,,,,
132.7068,11.58584,24.38,,0.33,,,,,,,,,
132.659,11.6043,24.71,,0.37,,,,,,,,,
132.7106,11.58336,24.34,,0.32,,,,,,,,,
132.7439,11.57006,24.74,,0.37,,,,,,,,,
132.685,11.59104,23.7,,0.28,,,,,,,,,
132.8212,11.53785,24.14,,0.35,,,,,,,,,
132.7659,11.55569,23.09,,0.18,,,,,,,,,
132.7659,11.55307,24.64,,0.4,,,,,,,,,
132.6743,11.58052,24.33,,0.37,,,,,,,,,
132.7544,11.5494,23.83,,0.3,,,,,,,,,
132.8605,11.73169,,,,15.57,,0.02,,,,,,
132.9513,11.82165,,,,16.5,,0.02,,,,,,
132.9835,11.85745,,,,16.61,,0.02,,,,,,
132.88585,11.81454,,,,16.67,,0.02,16.43,,0.01,0.962,0.837,M
132.8931,11.85302,,,,16.8,,0.02,,,,0.954,0.909,M
132.834,11.81112,,,,17.01,,0.03,,,,,,
132.8357,11.89049,,,,17.33,,0.03,,,,,,
132.8851,11.84514,,,,17.75,,0.03,,,,,,
132.7759,12.03256,,,,18.54,,0.04,,,,,,
132.8096,11.7512,,,,18.54,,0.04,,,,,,
132.8498,11.83054,,,,18.64,,0.06,,,,,,
132.7828,11.80271,,,,18.66,,0.04,,,,,,
133.0083,11.90121,,,,18.72,,0.05,,,,,,
133.0439,11.73565,,,,18.77,,0.12,,,,,,
132.8947,11.70601,,,,18.82,,0.04,,,,,,
132.8329,11.7842,,,,19.78,,0.08,,,,0.921,0.999,M
132.8207,12.00781,,,,19.78,,0.09,,,,,,
132.8409,11.87725,,,,20.69,,0.1,,,,,,
132.9782,11.67464,,,,20.8,,0.11,,,,,,
132.6962,11.8504,,,,20.8,,0.16,20.68,,0.1,,,
132.9444,11.7497,,,,20.84,,0.12,,,,,,
132.6235,11.88043,,,,20.91,,0.15,,,,,,
132.763,12.03257,,,,21.0,,0.1,,,,,,
132.9189,12.03062,,,,21.07,,0.14,,,,,,
132.5995,11.81635,,,,21.18,,0.14,,,,,,
132.9404,11.80986,,,,21.2,,0.17,,,,,,
132.7579,11.87644,,,,21.46,,0.16,,,,,,
132.9137,11.8345,,,,21.5,,0.16,,,,,,
132.7036,12.00244,,,,21.55,,0.16,,,,,,
132.8104,11.74375,,,,21.67,,0.16,,,,,,
132.8646,11.8907,,,,21.68,,0.19,,,,,,
132.86805,11.87163,,,,21.68,,0.19,21.62,,0.14,0.959,0.999,M
132.8558,11.79305,,,,21.69,,0.18,,,,0.116,0.017,F
132.8457,11.8138,,,,21.72,,0.25,,,,,,
132.893,11.829,,,,21.73,,0.18,,,,0.968,0.999,M
132.6964,11.84993,,,,21.77,,0.18,,,,,,
132.9048,11.98407,,,,21.8,,0.2,,,,,,
132.8542,11.89922,,,,21.81,,0.21,,,,,,
132.9078,11.84915,,,,21.82,,0.19,21.57,,0.12,0.96,0.999,M
132.7591,11.81709,,,,21.84,,0.22,,,,,,
132.7272,11.94142,,,,21.86,,0.2,,,,,,
132.814,11.97708,,,,21.96,,0.22,,,,,,
132.9347,11.6731,,,,21.97,,0.16,,,,,,
132.6416,11.77437,,,,21.99,,0.21,,,,,,
132.7485,11.66474,,,,21.99,,0.19,,,,,,
132.8621,11.61973,,,,22.01,,0.23,,,,,,
132.9222,11.90811,,,,22.02,,0.26,,,,,,
132.7724,11.73267,,,,22.03,,0.21,,,,,,
132.8837,11.83425,,,,22.09,,0.23,,,,,,
132.9911,11.92111,,,,22.1,,0.27,,,,,,
132.7751,11.85273,,,,22.13,,0.22,,,,,,
132.8934,11.84876,,,,22.15,,0.25,,,,,,
132.842,11.77827,,,,22.17,,0.19,,,,,,
132.816,11.88302,,,,22.17,,0.21,,,,,,
132.8435,11.85835,,,,22.18,,0.26,,,,,,
132.6643,11.89067,,,,22.22,,0.24,,,,,,
132.8729,11.90399,,,,22.23,,0.22,,,,,,
132.7728,12.05027,,,,22.25,,0.2,,,,,,
132.8275,11.82279,,,,22.27,,0.22,,,,,,
132.8647,11.80725,,,,22.27,,0.27,,,,,,
132.7202,11.79536,,,,22.27,,0.27,,,,,,
132.8638,11.79264,,,,22.29,,0.24,,,,,,
132.7382,11.98769,,,,22.3,,0.29,,,,,,
132.696,11.8508,,,,22.34,,0.32,20.72,,0.12,,,
132.9067,11.61825,,,,22.36,,0.29,,,,,,
132.8116,11.75103,,,,22.37,,0.2,,,,,,
132.8347,11.76484,,,,22.38,,0.26,,,,,,
132.807,11.85508,,,,22.4,,0.28,,,,,,
132.8255,11.71537,,,,22.4,,0.21,,,,0.97,0.999,M
132.8124,11.75295,,,,22.4,,0.24,,,,,,
132.7692,11.90432,,,,22.4,,0.28,,,,,,
132.9086,12.02356,,,,22.44,,0.3,,,,0.931,0.991,M
132.7888,11.80584,,,,22.44,,0.24,,,,,,
132.6843,11.78735,,,,22.44,,0.25,,,,,,
132.7702,12.06849,,,,22.45,,0.29,,,,,,
132.9543,11.82011,,,,22.46,,0.26,,,,,,
132.8037,12.06955,,,,22.48,,0.29,,,,,,
132.8919,11.85435,,,,22.48,,0.27,,,,,,
132.8593,11.72867,,,,22.52,,0.25,,,,,,
132.8946,11.84588,,,,22.52,,0.28,,,,,,
132.8118,11.79026,,,,22.53,,0.28,,,,,,
132.6128,11.8087,,,,22.53,,0.32,,,,,,
132.8842,11.81338,,,,22.56,,0.36,,,,,,
132.6956,11.8516,,,,22.59,,0.31,,,,,,
132.8614,11.72906,,,,22.62,,0.32,17.42,,0.28,,,
133.0359,11.8045,,,,22.65,,0.24,,,,,,
132.9415,11.73617,,,,22.65,,0.27,,,,0.962,0.999,M
132.7769,11.78979,,,,22.65,,0.32,,,,,,
132.7213,11.66753,,,,22.68,,0.24,,,,,,
132.6954,11.85013,,,,22.69,,0.31,,,,,,
132.7767,11.78915,,,,22.71,,0.31,,,,,,
132.8012,11.8097,,,,22.71,,0.29,,,,,,
132.8371,11.75085,,,,22.71,,0.31,,,,,,
132.7771,11.78841,,,,22.72,,0.32,,,,,,
132.8299,11.97303,,,,22.74,,0.29,,,,,,
132.775,11.88462,,,,22.75,,0.34,,,,,,
132.9434,11.77433,,,,22.75,,0.28,,,,,,
132.7473,11.94349,,,,22.75,,0.25,,,,,,
132.698,11.85061,,,,22.76,,0.3,,,,,,
132.9903,11.81386,,,,22.77,,0.33,22.89,,0.26,,,
132.7852,11.83561,,,,22.79,,0.28,,,,,,
132.8336,11.8092,,,,22.81,,0.33,,,,,,
132.8934,11.63305,,,,22.82,,0.31,,,,,,
132.8323,11.8134,,,,22.83,,0.32,,,,,,
132.9582,11.8313,,,,22.84,,0.28,23.22,,0.21,0.005,0.004,F
132.7631,11.75186,,,,22.84,,0.32,,,,,,
132.8032,11.84308,,,,22.85,,0.28,,,,,,
132.6878,11.7627,,,,22.85,,0.31,,,,,,
132.8838,11.81477,,,,22.85,,0.3,,,,,,
132.6929,12.03263,,,,22.86,,0.3,,,,,,
132.7762,12.0335,,,,22.87,,0.38,,,,,,
132.8179,11.74836,,,,22.88,,0.32,,,,,,
132.6739,11.8535,,,,22.9,,0.32,,,,,,
132.786,11.84821,,,,22.91,,0.26,,,,,,
132.9533,11.82254,,,,22.91,,0.38,,,,,,
132.8431,11.63921,,,,22.92,,0.29,,,,,,
132.971,11.68181,,,,22.92,,0.29,,,,,,
132.6372,11.89937,,,,22.92,,0.36,,,,,,
132.6516,11.75071,,,,22.94,,0.33,,,,,,
132.887,11.81304,,,,22.95,,0.38,,,,,,
132.8584,11.72722,,,,22.95,,0.31,,,,,,
132.7057,11.70801,,,,22.95,,0.36,,,,,,
132.791,11.98705,,,,22.96,,0.32,,,,,,
132.987,11.95389,,,,22.97,,0.31,,,,,,
132.673,11.87576,,,,22.98,,0.33,,,,,,
132.7817,11.88233,,,,22.99,,0.31,,,,,,
132.8701,11.86673,,,,22.99,,0.31,,,,0.966,0.997,M
132.8347,11.81189,,,,22.99,,0.29,,,,,,
132.8919,11.84545,,,,23.0,,0.28,,,,,,
132.8857,11.81659,,,,23.0,,0.35,,,,,,
132.9508,11.81993,,,,23.0,,0.34,,,,,,
132.7926,11.85021,,,,23.01,,0.34,,,,,,
132.819,11.74781,,,,23.03,,0.38,,,,,,
132.9188,11.77729,,,,23.04,,0.31,,,,,,
132.8351,11.8125,,,,23.04,,0.31,,,,,,
132.8194,11.90436,,,,23.06,,0.29,,,,,,
132.7558,12.02289,,,,23.08,,0.36,,,,,,
132.706,11.70652,,,,23.09,,0.36,,,,,,
132.7589,11.89182,,,,23.11,,0.33,,,,,,
132.7612,11.85995,,,,23.11,,0.38,,,,,,
132.8948,11.8519,,,,23.12,,0.32,,,,,,
132.7192,11.86867,,,,23.14,,0.34,,,,,,
132.7721,11.82614,,,,23.14,,0.35,,,,,,
132.705,11.7067,,,,23.14,,0.34,,,,,,
132.9455,11.74924,,,,23.14,,0.36,,,,,,
132.8542,11.76226,,,,23.16,,0.32,,,,,,
132.7592,11.85965,,,,23.16,,0.4,,,,,,
132.6282,11.78716,,,,23.17,,0.35,,,,,,
133.0144,11.75074,,,,23.17,,0.33,,,,,,
132.8857,11.81247,,,,23.17,,0.37,,,,,,
133.0327,11.83054,,,,23.18,,0.3,,,,0.936,0.999,M
132.6514,11.7518,,,,23.2,,0.33,,,,,,
132.78165,11.6286,,,,23.24,,0.38,22.05,,0.12,,,
132.7412,11.86135,,,,23.24,,0.34,,,,,,
132.7076,11.709,,,,23.24,,0.37,,,,,,
132.9554,11.82187,,,,23.26,,0.35,,,,,,
132.8428,11.98579,,,,23.26,,0.37,,,,,,
132.8337,11.76776,,,,23.27,,0.34,,,,,,
132.8543,11.8512,,,,23.28,,0.34,,,,,,
132.7745,11.76494,,,,23.28,,0.38,,,,,,
132.8233,11.75671,,,,23.29,,0.36,,,,,,
132.8463,11.76891,,,,23.29,,0.31,,,,,,
132.8879,11.84385,,,,23.31,,0.38,,,,,,
132.937,11.64987,,,,23.32,,0.35,,,,0.774,0.942,M
132.8564,11.87702,,,,23.32,,0.34,,,,,,
132.7074,11.71064,,,,23.33,,0.35,,,,,,
132.7794,11.78412,,,,23.36,,0.34,,,,,,
132.7586,11.87692,,,,23.36,,0.35,,,,,,
132.7714,11.76787,,,,23.36,,0.4,,,,,,
132.8638,11.85835,,,,23.37,,0.29,,,,,,
132.6743,12.01489,,,,23.39,,0.36,,,,,,
132.8247,11.7414,,,,23.39,,0.37,,,,,,
132.7654,11.74442,,,,23.4,,0.38,,,,,,
132.8799,11.84924,,,,23.41,,0.39,,,,,,
132.7922,11.73703,,,,23.42,,0.3,,,,,,
132.6458,11.7412,,,,23.43,,0.28,,,,,,
132.9462,11.82655,,,,23.44,,0.36,,,,,,
132.8323,11.86958,,,,23.44,,0.3,,,,,,
132.7756,11.73493,,,,23.45,,0.37,,,,,,
132.7826,11.71197,,,,23.45,,0.37,,,,,,
132.6366,11.72218,,,,23.45,,0.36,,,,,,
132.7826,11.76987,,,,23.46,,0.37,,,,,,
132.7809,11.74578,,,,23.46,,0.39,,,,,,
132.7676,12.04258,,,,23.48,,0.37,,,,,,
132.7853,11.71838,,,,23.48,,0.39,,,,,,
132.7957,11.77726,,,,23.48,,0.36,,,,,,
132.9152,11.9089,,,,23.49,,0.33,,,,,,
132.7644,11.72508,,,,23.49,,0.37,,,,,,
132.8285,11.74976,,,,23.5,,0.36,,,,,,
132.8299,11.74016,,,,23.51,,0.39,,,,,,
132.8545,11.80021,,,,23.52,,0.36,,,,,,
132.7854,11.96971,,,,23.53,,0.39,,,,,,
132.8222,11.74664,,,,23.54,,0.39,,,,,,
132.8127,11.95498,,,,23.54,,0.3,,,,,,
132.6736,11.74174,,,,23.55,,0.38,,,,,,
132.7863,11.77563,,,,23.56,,0.35,,,,,,
132.6908,11.95806,,,,23.57,,0.4,,,,,,
132.8084,11.77698,,,,23.57,,0.38,,,,,,
132.9368,11.71437,,,,23.57,,0.34,,,,,,
132.8341,11.74791,,,,23.59,,0.39,,,,,,
132.8561,11.74226,,,,23.6,,0.4,,,,,,
132.8937,11.8556,,,,23.6,,0.31,,,,,,
132.9628,11.8821,,,,23.62,,0.4,,,,,,
132.6995,11.85336,,,,23.63,,0.32,,,,,,
132.8662,11.65277,,,,23.64,,0.38,,,,,,
132.8012,11.72122,,,,23.64,,0.39,,,,,,
132.9619,11.93552,,,,23.64,,0.38,,,,,,
132.826,11.7448,,,,23.64,,0.39,,,,,,
132.8008,11.7106,,,,23.65,,0.36,,,,,,
132.7577,11.77431,,,,23.66,,0.36,,,,,,
132.6386,11.83895,,,,23.67,,0.39,,,,,,
132.7603,11.93538,,,,23.67,,0.36,,,,,,
133.0287,11.80976,,,,23.68,,0.34,,,,,,
132.8925,11.68769,,,,23.68,,0.4,,,,,,
132.9562,11.82023,,,,23.69,,0.39,,,,,,
132.7463,11.71745,,,,23.69,,0.33,,,,,,
132.7825,11.80478,,,,23.7,,0.39,,,,,,
132.8004,11.81459,,,,23.7,,0.36,,,,,,
132.8268,11.93311,,,,23.7,,0.4,,,,,,
132.6945,11.8822,,,,23.71,,0.4,,,,,,
132.8344,11.86787,,,,23.71,,0.32,,,,,,
132.8792,11.65914,,,,23.72,,0.34,,,,,,
132.8739,11.91497,,,,23.72,,0.39,,,,,,
132.845,11.81405,,,,23.73,,0.39,,,,,,
132.713,11.80419,,,,23.73,,0.36,,,,,,
132.8114,11.78809,,,,23.73,,0.33,,,,,,
132.7749,11.78823,,,,23.74,,0.38,,,,,,
132.682,11.76226,,,,23.76,,0.36,,,,,,
132.6005,11.85363,,,,23.76,,0.35,,,,,,
132.7987,11.80558,,,,23.77,,0.37,,,,,,
132.9627,11.8867,,,,23.77,,0.32,,,,,,
132.7186,11.95883,,,,23.78,,0.4,,,,,,
132.9329,11.72643,,,,23.78,,0.38,,,,,,
132.7744,11.88345,,,,23.78,,0.39,,,,,,
132.8315,11.71894,,,,23.79,,0.36,,,,,,
132.7847,11.72476,,,,23.79,,0.38,,,,,,
132.8094,11.72928,,,,23.79,,0.36,,,,,,
132.912,11.99742,,,,23.79,,0.35,,,,,,
132.6788,12.00589,,,,23.8,,0.37,,,,,,
132.6275,11.90007,,,,23.8,,0.34,,,,,,
132.8389,11.73848,,,,23.8,,0.36,,,,,,
133.0422,11.86,,,,23.81,,0.35,,,,,,
132.6714,11.76024,,,,23.82,,0.34,,,,,,
132.7962,11.7345,,,,23.82,,0.37,,,,,,
132.9183,11.98969,,,,23.82,,0.38,,,,,,
132.9101,11.85989,,,,23.82,,0.39,,,,,,
132.9045,11.77895,,,,23.83,,0.34,,,,,,
132.8376,11.67375,,,,23.83,,0.39,,,,,,
132.7424,11.97705,,,,23.84,,0.32,,,,,,
132.7625,11.88472,,,,23.84,,0.38,,,,,,
133.0096,11.95968,,,,23.85,,0.32,,,,,,
132.8827,11.67913,,,,23.85,,0.34,,,,,,
132.8788,11.75152,,,,23.85,,0.4,,,,,,
132.8895,11.76872,,,,23.86,,0.37,,,,,,
132.7115,11.9668,,,,23.86,,0.34,,,,,,
132.6795,11.82089,,,,23.87,,0.39,,,,,,
132.904,11.79325,,,,23.87,,0.38,,,,,,
132.9121,11.79519,,,,23.87,,0.39,,,,,,
132.8663,11.87821,,,,23.88,,0.35,,,,,,
132.8882,11.89854,,,,23.92,,0.34,,,,,,
132.6192,11.77952,,,,23.93,,0.39,,,,,,
132.6663,11.98948,,,,23.94,,0.38,,,,,,
132.6715,11.78201,,,,23.95,,0.37,,,,,,
132.6743,11.75313,,,,23.95,,0.39,,,,,,
132.7104,11.87883,,,,23.95,,0.38,,,,,,
132.6186,11.90052,,,,23.96,,0.38,,,,,,
133.0022,11.96038,,,,23.96,,0.36,,,,,,
132.9488,11.99267,,,,23.96,,0.37,,,,,,
132.7739,12.06398,,,,23.96,,0.39,,,,,,
132.8388,11.69131,,,,23.96,,0.38,,,,,,
132.7561,11.66127,,,,23.97,,0.38,,,,,,
132.7617,11.66363,,,,23.97,,0.4,,,,,,
132.8666,11.72186,,,,23.98,,0.39,,,,,,
132.8474,11.82688,,,,23.98,,0.37,,,,,,
132.9044,11.90084,,,,23.98,,0.37,,,,,,
132.8955,11.71347,,,,23.98,,0.38,,,,,,
133.0209,11.80747,,,,23.98,,0.39,,,,,,
132.7138,11.86066,,,,23.99,,0.39,,,,,,
132.7417,11.82329,,,,23.99,,0.4,,,,,,
132.7525,11.90261,,,,23.99,,0.38,,,,,,
132.9679,11.9794,,,,24.0,,0.39,,,,,,
132.8279,12.07443,,,,24.0,,0.35,,,,,,
132.7178,11.83082,,,,24.0,,0.39,,,,,,
132.7543,11.7806,,,,24.0,,0.36,,,,,,
132.7409,12.02782,,,,24.0,,0.39,,,,,,
132.9501,11.6652,,,,24.01,,0.4,,,,,,
132.7848,11.63808,,,,24.01,,0.36,,,,,,
132.8903,11.6317,,,,24.01,,0.39,,,,,,
132.9006,11.70342,,,,24.02,,0.4,,,,,,
132.9294,11.74361,,,,24.02,,0.4,,,,,,
132.6836,11.95314,,,,24.02,,0.39,,,,,,
132.9028,11.88254,,,,24.02,,0.39,,,,,,
132.6785,11.87939,,,,24.02,,0.4,,,,,,
132.8184,11.76855,,,,24.02,,0.4,,,,0.912,0.995,M
132.9077,11.74392,,,,24.04,,0.39,,,,,,
132.7707,11.79225,,,,24.04,,0.36,,,,,,
132.7017,11.77072,,,,24.04,,0.38,,,,,,
132.9553,11.88708,,,,24.05,,0.39,,,,,,
132.9051,11.78539,,,,24.06,,0.39,,,,,,
132.8513,11.86325,,,,24.06,,0.4,,,,,,
132.7907,11.70114,,,,24.07,,0.36,,,,,,
132.81,11.89694,,,,24.08,,0.36,,,,,,
132.8699,11.67026,,,,24.08,,0.38,,,,,,
132.8307,11.84621,,,,24.09,,0.36,,,,,,
132.9022,11.75329,,,,24.09,,0.39,,,,,,
132.846,11.74536,,,,24.09,,0.4,,,,,,
132.8806,11.70196,,,,24.11,,0.36,,,,,,
132.6995,11.76979,,,,24.11,,0.38,,,,,,
132.8452,11.89178,,,,24.11,,0.39,,,,,,
132.8713,12.02547,,,,24.11,,0.39,,,,,,
132.6503,11.98602,,,,24.16,,0.39,,,,,,
132.7595,12.05938,,,,24.19,,0.4,,,,,,
132.8124,11.89811,,,,24.2,,0.38,,,,,,
132.9906,11.81177,,,,24.25,,0.39,,,,,,
133.0432,11.73487,,,,,,,14.15,,0.02,,,
132.861,11.86534,,,,,,,14.47,,0.01,,,
132.8606,11.72924,,,,,,,15.59,,0.06,,,
132.9526,11.82099,,,,,,,16.25,,0.01,0.793,0.025,C
132.9823,11.85752,,,,,,,16.35,,0.01,,,
132.8098,11.75018,,,,,,,18.34,,0.03,0.564,0.01,F
132.849,11.83032,,,,,,,18.53,,0.04,0.911,0.015,C
133.0091,11.90108,,,,,,,18.83,,0.07,,,
132.907,11.61771,,,,,,,19.18,,0.03,,,
132.8406,11.87719,,,,,,,20.49,,0.08,0.23,0.02,F
132.599,11.81602,,,,,,,20.97,,0.07,,,
132.8621,11.61926,,,,,,,21.16,,0.12,,,
132.9134,11.83433,,,,,,,21.2,,0.09,,,
132.8454,11.81367,,,,,,,21.33,,0.1,0.978,0.999,M
132.7574,11.87627,,,,,,,21.34,,0.11,,,
132.8098,11.74324,,,,,,,21.35,,0.11,,,
132.9591,11.76844,,,,,,,21.41,,0.11,0.972,0.064,C
132.8288,11.83487,,,,,,,21.54,,0.1,,,
132.9269,11.83107,,,,,,,21.58,,0.11,0.972,0.999,M
132.9058,11.83475,,,,,,,21.63,,0.11,0.968,0.998,M
132.8139,11.83727,,,,,,,21.74,,0.12,0.925,0.994,M
132.6179,11.70266,,,,,,,21.75,,0.13,,,
132.8114,11.79007,,,,,,,21.78,,0.13,0.977,0.999,M
132.8874,11.81349,,,,,,,21.83,,0.14,,,
132.8726,11.90418,,,,,,,21.93,,0.15,,,
132.8746,11.58638,,,,,,,21.93,,0.13,0.684,0.944,M
132.8346,11.76529,,,,,,,21.96,,0.14,,,
132.9713,11.68161,,,,,,,21.99,,0.14,0.973,0.998,M
132.787,11.76253,,,,,,,22.0,,0.15,,,
132.8503,11.80611,,,,,,,22.01,,0.16,0.976,0.999,M
132.9413,11.73571,,,,,,,22.03,,0.14,,,
132.8067,11.85506,,,,,,,22.05,,0.14,0.974,0.999,M
132.884,11.60353,,,,,,,22.14,,0.12,0.751,0.942,M
132.7892,11.66188,,,,,,,22.16,,0.17,,,
132.9432,11.7741,,,,,,,22.17,,0.15,0.975,0.999,M
132.768,11.90459,,,,,,,22.24,,0.18,,,
132.777,11.78811,,,,,,,22.24,,0.16,,,
132.8902,11.86254,,,,,,,22.25,,0.18,,,
133.0089,11.81898,,,,,,,22.27,,0.19,0.94,0.999,M
132.7908,11.77218,,,,,,,22.29,,0.17,,,
132.6839,11.78726,,,,,,,22.3,,0.17,,,
132.8,11.55567,,,,,,,22.33,,0.15,,,
132.8157,11.81932,,,,,,,22.34,,0.18,,,
132.8301,11.8959,,,,,,,22.36,,0.17,,,
132.7601,11.86041,,,,,,,22.38,,0.2,,,
132.8696,11.80076,,,,,,,22.41,,0.18,0.969,0.999,M
132.7763,11.79088,,,,,,,22.43,,0.22,,,
132.6802,11.65511,,,,,,,22.43,,0.2,,,
132.7069,11.707,,,,,,,22.47,,0.2,,,
132.7401,11.92065,,,,,,,22.47,,0.2,0.962,0.999,M
132.9347,11.77795,,,,,,,22.47,,0.2,,,
132.7344,11.63176,,,,,,,22.49,,0.21,,,
132.81,11.76169,,,,,,,22.49,,0.2,,,
132.7381,11.55015,,,,,,,22.5,,0.22,,,
132.7115,11.8021,,,,,,,22.56,,0.2,,,
132.8222,11.76766,,,,,,,22.57,,0.2,0.961,0.999,M
132.7594,11.8591,,,,,,,22.6,,0.23,,,
132.883,11.8546,,,,,,,22.7,,0.19,0.971,0.999,M
132.7857,11.84803,,,,,,,22.7,,0.22,0.976,0.999,M
132.8312,11.81177,,,,,,,22.71,,0.24,,,
132.7988,11.71349,,,,,,,22.75,,0.24,,,
132.7704,11.86782,,,,,,,22.75,,0.22,,,
132.7782,11.79025,,,,,,,22.75,,0.21,,,
132.8806,11.8371,,,,,,,22.77,,0.22,,,
132.7342,11.58306,,,,,,,22.78,,0.24,,,
132.9984,11.85524,,,,,,,22.78,,0.22,,,
132.6357,11.69345,,,,,,,22.8,,0.2,,,
132.7979,11.83573,,,,,,,22.81,,0.26,,,
132.6186,11.88158,,,,,,,22.81,,0.24,,,
132.7119,11.80197,,,,,,,22.82,,0.27,,,
132.8203,11.9128,,,,,,,22.84,,0.21,,,
132.9058,11.58573,,,,,,,22.85,,0.19,,,
132.6375,11.91942,,,,,,,22.85,,0.28,,,
132.7773,11.97905,,,,,,,22.93,,0.24,,,
132.9856,11.80368,,,,,,,22.94,,0.21,0.97,0.999,M
132.7813,11.88225,,,,,,,22.96,,0.24,0.969,0.998,M
132.8945,11.81656,,,,,,,23.0,,0.28,,,
132.707,11.70764,,,,,,,23.01,,0.26,,,
132.9335,11.77356,,,,,,,23.01,,0.25,,,
132.9644,11.84117,,,,,,,23.06,,0.29,,,
132.7838,11.66836,,,,,,,23.09,,0.3,,,
132.6727,11.87584,,,,,,,23.11,,0.25,,,
132.8466,11.80736,,,,,,,23.13,,0.24,,,
132.9927,11.7817,,,,,,,23.14,,0.26,,,
132.7709,11.86746,,,,,,,23.14,,0.27,,,
132.8348,11.8125,,,,,,,23.15,,0.3,,,
132.7619,11.86037,,,,,,,23.15,,0.26,,,
132.7842,11.79173,,,,,,,23.15,,0.27,,,
132.9497,11.59809,,,,,,,23.17,,0.29,,,
132.807,11.79404,,,,,,,23.18,,0.23,,,
132.8261,11.83909,,,,,,,23.2,,0.26,,,
132.7681,11.77416,,,,,,,23.22,,0.26,,,
132.8838,11.81341,,,,,,,23.23,,0.28,,,
132.7985,11.79268,,,,,,,23.26,,0.24,,,
132.765,11.5556,,,,,,,23.26,,0.28,,,
132.7923,11.84464,,,,,,,23.27,,0.28,,,
132.7996,11.80774,,,,,,,23.27,,0.3,,,
132.8057,11.861,,,,,,,23.28,,0.26,0.944,0.999,M
132.6366,11.89899,,,,,,,23.32,,0.29,,,
132.7798,11.7952,,,,,,,23.32,,0.24,,,
132.768,11.78109,,,,,,,23.35,,0.27,,,
132.7661,11.80335,,,,,,,23.36,,0.3,,,
132.7686,11.86248,,,,,,,23.38,,0.27,,,
132.7927,11.80476,,,,,,,23.38,,0.25,,,
132.9228,11.79289,,,,,,,23.4,,0.27,,,
132.9261,11.71331,,,,,,,23.4,,0.25,,,
132.8128,11.79213,,,,,,,23.41,,0.27,,,
132.9055,11.81593,,,,,,,23.41,,0.32,,,
132.9409,11.6459,,,,,,,23.42,,0.32,,,
132.9984,11.88261,,,,,,,23.42,,0.36,,,
132.7615,11.60872,,,,,,,23.44,,0.29,,,
132.7606,11.75892,,,,,,,23.44,,0.28,,,
132.6981,11.72507,,,,,,,23.44,,0.25,,,
132.789,11.76281,,,,,,,23.46,,0.4,,,
132.8466,11.90169,,,,,,,23.48,,0.27,,,
132.8202,11.8003,,,,,,,23.48,,0.33,,,
132.822,11.56186,,,,,,,23.5,,0.31,,,
132.634,11.62521,,,,,,,23.52,,0.28,,,
132.7973,11.80271,,,,,,,23.55,,0.3,,,
132.8422,11.72078,,,,,,,23.56,,0.27,,,
132.6946,11.70228,,,,,,,23.59,,0.3,,,
132.9296,11.79263,,,,,,,23.6,,0.3,,,
132.7015,11.69536,,,,,,,23.62,,0.28,,,
132.8204,11.55718,,,,,,,23.63,,0.35,,,
132.9942,11.78846,,,,,,,23.65,,0.3,,,
132.8658,11.85156,,,,,,,23.67,,0.33,,,
132.8287,11.85625,,,,,,,23.68,,0.34,,,
132.7712,11.80201,,,,,,,23.7,,0.36,,,
132.8309,11.84489,,,,,,,23.7,,0.28,,,
132.9718,11.63788,,,,,,,23.7,,0.37,,,
132.8215,11.80487,,,,,,,23.71,,0.3,,,
132.8269,11.79458,,,,,,,23.73,,0.33,,,
132.9176,11.77737,,,,,,,23.81,,0.3,,,
132.8055,11.80214,,,,,,,23.86,,0.37,,,
132.8179,11.67511,,,,,,,23.86,,0.37,,,
132.6972,11.80814,,,,,,,23.89,,0.32,,,
132.9523,11.83336,,,,,,,23.93,,0.36,,,
132.7284,11.7943,,,,,,,23.94,,0.37,,,
132.9751,11.72489,,,,,,,23.96,,0.36,,,
132.6603,11.78741,,,,,,,23.98,,0.34,,,
133.0172,11.68229,,,,,,,24.02,,0.32,,,
132.961,11.79155,,,,,,,24.04,,0.39,,,
132.9251,11.6295,,,,,,,24.07,,0.38,,,
132.9734,11.73101,,,,,,,24.11,,0.32,,,
132.8916,11.91529,,,,,,,24.18,,0.4,,,
132.6716,11.82113,,,,,,,24.2,,0.36,,,
132.8412,11.89613,,,,,,,24.22,,0.36,,,
132.9952,11.85771,,,,,,,24.35,,0.38,,,
132.8847,11.86109,,,,,,,24.35,,0.39,,,
