RAdeg,DEdeg,N242W,N242W_sat,e_N242W,N245M,e_N245M,P_F6,P_F10,class
69.41226,50.72538,23.69,,0.18,,,0.989,0.995,M
69.28848,50.76526,22.98,,0.15,,,0.008,0.017,F
69.53561,50.62738,22.97,,0.13,,,,,
69.36577,50.72697,20.37,,0.04,20.7,0.12,,,
69.29097,50.80767,23.32,,0.14,,,,,
69.3844,50.76446,22.93,,0.15,,,0.984,0.994,M
69.35345,50.78687,22.4,,0.1,,,0.875,0.973,M
69.2758,50.74172,21.45,,0.06,21.66,0.1,0.034,0.027,F
69.52536,50.59492,20.93,,0.05,21.2,0.08,,,
69.30368,50.72474,22.04,,0.08,22.4,0.18,0.843,0.962,M
69.34616,50.70477,22.62,,0.11,,,0.011,0.016,F
69.46895,50.74435,21.79,,0.06,21.91,0.17,0.99,0.995,M
69.42298,50.76277,23.57,,0.16,,,0.989,0.993,M
69.46529,50.74535,23.26,,0.15,,,0.007,0.013,F
69.43678,50.75122,21.97,,0.07,22.28,0.16,0.988,0.985,M
69.46295,50.74043,21.99,,0.09,,,0.99,0.995,M
69.41186,50.75188,21.93,,0.08,22.38,0.25,0.989,0.994,M
69.43678,50.74355,23.03,,0.15,,,0.99,0.852,M
69.50286,50.71017,23.1,,0.14,,,0.989,0.995,M
69.34305,50.77993,22.75,,0.11,,,0.862,0.964,M
69.43428,50.63799,21.74,,0.09,22.67,0.24,,,
69.29064,50.76446,22.74,,0.09,22.89,0.26,0.836,0.96,M
69.54626,50.62969,23.66,,0.19,,,,,
69.311,50.80444,22.86,,0.14,23.05,0.26,0.004,0.009,F
69.41568,50.72846,22.85,,0.09,23.14,0.27,0.989,0.994,M
69.29395,50.78861,21.9,,0.09,,,,,
69.33038,50.76083,23.17,,0.12,,,0.006,0.007,F
69.37722,50.7342,21.85,,0.08,21.98,0.14,0.984,0.994,M
69.53634,50.62982,23.51,,0.17,,,0.981,0.987,M
69.42484,50.77,22.97,,0.14,23.15,0.35,0.989,0.995,M
69.43652,50.69736,23.86,,0.18,,,0.988,0.993,M
69.32856,50.67824,23.87,,0.19,,,0.015,0.013,F
69.28686,50.69157,,,,23.5,0.31,0.811,0.944,M
69.43456,50.8003,21.23,,0.05,21.58,0.1,0.986,0.989,M
69.48389,50.60672,24.36,,0.34,,,0.006,0.007,F
69.357,50.64825,23.15,,0.17,,,0.008,0.01,F
69.39134,50.62877,21.54,,0.08,21.81,0.16,0.013,0.01,F
69.37257,50.76691,23.47,,0.18,,,0.835,0.571,C
69.36865,50.61877,23.41,,0.2,,,0.909,0.908,M
69.36648,50.62495,23.34,,0.18,,,0.897,0.988,M
69.42274,50.69866,23.73,,0.17,,,0.988,0.994,M
69.45931,50.79886,23.82,,0.27,,,,,
69.4597,50.79577,23.85,,0.23,,,0.981,0.989,M
69.43609,50.80308,21.98,,0.06,22.16,0.17,0.013,0.018,F
69.4421,50.79821,22.93,,0.12,,,0.986,0.993,M
69.45987,50.7872,22.75,,0.13,,,,,
69.3657,50.83122,23.04,,0.16,,,0.899,0.978,M
69.45497,50.77766,22.65,,0.12,,,0.988,0.994,M
69.45816,50.77447,22.51,,0.1,,,0.988,0.989,M
69.45032,50.7732,22.11,,0.09,22.31,0.2,0.989,0.995,M
69.45501,50.77086,22.97,,0.13,,,0.989,0.994,M
69.42972,50.7809,22.13,,0.08,,,0.988,0.862,M
69.422,50.77831,23.58,,0.21,,,0.006,0.008,F
69.49534,50.72825,23.21,,0.14,,,0.01,0.024,F
69.43241,50.76675,21.96,,0.08,,,,,
69.4328,50.76468,22.22,,0.1,,,0.006,0.011,F
69.40193,50.78008,22.36,,0.09,,,0.981,0.995,M
69.42135,50.76934,21.55,,0.07,21.85,0.16,,,
69.40678,50.75336,23.09,,0.16,,,0.988,0.993,M
69.36246,50.65341,22.04,,0.1,,,0.894,0.987,M
69.54923,50.73526,22.84,,0.11,,,0.988,0.994,M
69.73058,50.65728,19.75,,0.03,19.84,0.06,,,
69.48909,50.76551,23.77,,0.21,,,0.979,0.962,M
69.67966,50.68242,22.54,,0.11,,,0.986,0.991,M
69.50746,50.76045,22.62,,0.13,,,,,
69.45654,50.81362,22.51,,0.15,23.25,0.26,0.978,0.963,M
69.56162,50.76058,23.57,,0.14,,,0.987,0.994,M
69.62676,50.71454,22.87,,0.14,22.7,0.2,0.484,0.329,F
69.69874,50.67878,22.99,,0.13,,,0.017,0.012,F
69.61472,50.73993,22.92,,0.1,,,0.01,0.011,F
69.47679,50.80662,22.8,,0.14,,,,,
69.76202,50.80947,22.82,,0.12,,,0.015,0.02,F
69.71208,50.68541,23.07,,0.1,,,0.013,0.024,F
69.47054,50.79002,22.16,,0.09,22.53,0.17,0.989,0.991,M
69.48022,50.79559,21.81,,0.08,,,0.984,0.995,M
69.71505,50.69172,21.86,,0.09,22.06,0.13,0.013,0.01,F
69.5973,50.73583,22.67,,0.12,,,0.988,0.987,M
69.48075,50.79801,22.09,,0.08,,,0.987,0.994,M
69.4756,50.7938,21.99,,0.07,22.18,0.16,,,
69.72394,50.68463,,,,23.96,0.38,0.015,0.017,F
69.5481,50.80811,23.47,,0.19,,,0.965,0.977,M
69.69457,50.71156,21.97,,0.09,22.05,0.14,0.988,0.991,M
69.65935,50.7399,22.93,,0.14,,,0.69,0.367,F
69.75376,50.6902,21.98,,0.08,22.12,0.16,0.986,0.992,M
69.63669,50.74331,22.56,,0.09,,,0.984,0.986,M
69.75365,50.69923,23.35,,0.16,,,0.097,0.063,F
69.51488,50.8429,22.0,,0.09,22.06,0.16,,,
69.6693,50.77487,22.93,,0.12,,,0.415,0.244,F
69.71339,50.81399,22.63,,0.12,23.14,0.33,,,
69.77187,50.7824,22.75,,0.11,,,,,
69.76004,50.78735,22.6,,0.14,22.61,0.25,0.009,0.011,F
69.67796,50.75489,23.77,,0.21,,,0.977,0.937,M
69.75355,50.73249,24.56,,0.34,,,0.436,0.413,F
69.49915,50.76882,22.73,,0.12,,,0.986,0.983,M
69.71656,50.82867,21.67,,0.08,,,0.095,0.035,F
69.7186,50.7536,23.85,,0.21,,,,,
69.61041,50.75431,23.22,,0.15,,,0.01,0.009,F
69.72228,50.85798,23.05,,0.15,,,,,
69.6665,50.62576,22.21,,0.08,,,0.981,0.993,M
69.49511,50.78897,22.7,,0.11,,,0.989,0.995,M
69.67143,50.70658,21.35,,0.08,21.56,0.11,0.023,0.017,F
69.73954,50.67235,,,,22.16,0.19,,,
69.70884,50.68068,23.2,,0.18,,,0.986,0.985,M
69.59935,50.74544,22.9,,0.1,,,,,
69.50791,50.76863,23.57,,0.16,,,0.989,0.994,M
69.50327,50.76996,23.56,,0.16,,,0.986,0.981,M
69.7838,50.75124,21.58,,0.07,21.75,0.16,0.986,0.992,M
69.64918,50.68067,20.5,,0.04,,,,,
69.68532,50.7009,21.68,,0.09,22.13,0.19,,,
69.52967,50.74024,24.12,,0.25,,,0.989,0.994,M
69.62416,50.73762,,,,22.68,0.24,0.01,0.011,F
69.76121,50.74813,23.2,,0.16,,,0.012,0.012,F
69.7611,50.77033,22.18,,0.08,,,0.147,0.054,F
69.64781,50.64111,24.0,,0.26,,,0.014,0.011,F
69.58274,50.71823,22.37,,0.09,,,0.985,0.995,M
69.50502,50.79176,22.34,,0.08,22.44,0.18,,,
69.54407,50.64047,22.69,,0.11,22.86,0.29,0.982,0.995,M
69.58998,50.60396,21.91,,0.06,22.08,0.17,0.008,0.012,F
69.58646,50.63736,23.48,,0.15,,,,,
69.68795,50.64531,23.45,,0.13,,,0.025,0.034,F
69.67239,50.6611,23.11,,0.14,,,0.981,0.992,M
69.68311,50.65643,22.95,,0.13,,,,,
69.55113,50.70614,22.73,,0.13,,,0.988,0.991,M
69.50367,50.73521,23.35,,0.13,,,,,
69.68718,50.67138,22.63,,0.12,23.22,0.3,,,
69.52203,50.76101,23.38,,0.16,,,0.986,0.967,M
69.49979,50.77568,22.3,,0.1,,,0.989,0.994,M
69.7689,50.80578,16.54,,0.01,,,,,
69.63698,50.94765,18.0,,0.01,,,,,
69.60278,50.70991,,,,18.48,0.04,,,
69.83736,50.64536,18.49,,0.02,18.48,0.05,,,
69.71236,50.87716,,,,17.15,0.02,,,
69.32728,50.81315,20.04,,0.03,20.11,0.05,,,
69.81664,50.80804,18.16,,0.02,,,,,
69.72476,50.89417,18.34,,0.02,18.49,0.04,,,
69.86865,50.69362,,15.75,,15.01,0.02,,,
69.8829,50.81818,16.41,,0.03,,,,,
69.5064,50.70716,16.66,,0.02,,,,,
69.71313,50.8786,16.75,,0.01,,,,,
69.47258,50.59911,16.79,,0.02,,,,,
69.69957,50.83824,17.5,,0.01,,,,,
69.87335,50.68606,17.57,,0.03,,,,,
69.338,50.66228,17.9,,0.02,,,,,
69.66702,50.5972,18.34,,0.03,18.68,0.05,,,
69.6022,50.71087,18.36,,0.02,,,,,
69.51709,50.53782,18.88,,0.03,20.22,0.07,,,
69.87986,50.81626,18.96,,0.04,19.29,0.04,,,
69.69297,50.54194,19.05,,0.04,,,,,
69.72295,50.87714,19.08,,0.02,19.46,0.05,,,
69.60511,50.57656,19.33,,0.04,20.14,0.08,,,
69.51415,50.55574,19.44,,0.03,19.61,0.06,,,
69.60673,50.57077,19.48,,0.04,,,,,
69.48948,50.63388,19.52,,0.03,20.07,0.07,,,
69.80108,50.65182,19.89,,0.04,21.07,0.12,,,
69.66584,50.5832,20.24,,0.05,20.91,0.1,,,
69.79769,50.84628,20.33,,0.04,20.66,0.09,,,
69.42267,50.94667,20.41,,0.07,,,,,
69.61021,50.54629,20.56,,0.05,,,,,
69.86396,50.7162,20.58,,0.04,21.2,0.09,,,
69.91607,50.76452,20.65,,0.06,,,,,
69.66318,50.70184,20.67,,0.05,21.52,0.13,,,
69.87277,50.6651,20.72,,0.07,21.04,0.14,,,
69.73304,50.6275,20.83,,0.04,21.32,0.1,0.91,0.722,M
69.71748,50.74975,20.84,,0.05,21.41,0.12,,,
69.21952,50.80276,20.88,,0.08,21.37,0.13,,,
69.54056,50.57637,20.91,,0.04,21.1,0.11,,,
69.81616,50.71077,20.95,,0.04,21.41,0.14,,,
69.78133,50.86384,21.03,,0.06,21.27,0.13,0.789,0.526,C
69.60504,50.56188,21.04,,0.05,20.98,0.09,0.14,0.075,F
69.65358,50.8515,21.06,,0.06,21.74,0.14,,,
69.81568,50.72348,21.1,,0.06,,,,,
69.77436,50.59522,21.13,,0.07,21.79,0.16,,,
69.77777,50.80286,21.14,,0.05,21.79,0.14,,,
69.82768,50.70168,21.16,,0.07,21.62,0.16,0.93,0.63,C
69.86116,50.69754,21.22,,0.06,21.41,0.11,,,
69.57942,50.53815,21.33,,0.07,21.32,0.12,,,
69.62416,50.63376,21.34,,0.05,21.82,0.15,,,
69.24232,50.79789,21.35,,0.1,22.03,0.16,,,
69.8121,50.61302,21.4,,0.06,21.49,0.16,,,
69.6471,50.9649,21.4,,0.06,22.72,0.26,,,
69.78561,50.61005,21.47,,0.07,22.33,0.15,,,
69.82384,50.69077,21.49,,0.07,21.61,0.12,,,
69.88426,50.72835,21.52,,0.06,,,,,
69.43858,50.70811,21.53,,0.06,,,,,
69.81921,50.61581,21.54,,0.07,22.34,0.21,,,
69.79166,50.65985,21.58,,0.07,21.62,0.14,,,
69.41415,50.73134,21.6,,0.08,22.3,0.12,,,
69.8085,50.59822,21.63,,0.07,21.77,0.15,,,
69.81078,50.59906,21.66,,0.07,22.43,0.22,,,
69.90946,50.78639,21.68,,0.1,21.93,0.13,,,
69.30845,50.65712,21.7,,0.07,22.22,0.16,,,
69.77243,50.84034,21.71,,0.08,,,,,
69.67206,50.94938,21.73,,0.06,22.62,0.23,,,
69.86734,50.66362,21.74,,0.09,21.79,0.16,,,
69.57788,50.5723,21.75,,0.08,22.24,0.13,,,
69.45178,50.79704,21.79,,0.07,,,,,
69.23808,50.81737,21.8,,0.08,22.4,0.22,,,
69.89787,50.78696,21.85,,0.07,,,,,
69.67688,50.85862,21.87,,0.08,22.33,0.17,,,
69.74392,50.61728,21.9,,0.09,22.06,0.21,0.053,0.028,F
69.78808,50.71444,21.91,,0.09,22.4,0.15,0.013,0.013,F
69.54506,50.72155,21.92,,0.09,22.57,0.17,,,
69.51652,50.73352,21.96,,0.08,22.41,0.14,,,
69.23264,50.82045,21.99,,0.09,22.45,0.19,,,
69.7975,50.8221,22.13,,0.09,,,0.013,0.026,F
69.64026,50.91671,22.15,,0.1,22.39,0.15,,,
69.58142,50.57081,22.18,,0.09,,,0.044,0.15,F
69.47594,50.82496,22.19,,0.08,,,,,
69.78648,50.83368,22.24,,0.08,21.98,0.17,0.13,0.052,F
69.9032,50.71088,22.24,,0.09,22.61,0.26,,,
69.90931,50.73524,22.26,,0.1,22.2,0.19,,,
69.76508,50.60984,22.27,,0.1,22.61,0.25,,,
69.5686,50.60872,22.27,,0.08,,,,,
69.52419,50.55252,22.28,,0.09,22.61,0.26,0.835,0.687,C
69.39984,50.65492,22.29,,0.1,,,,,
69.22719,50.80769,22.3,,0.13,,,0.01,0.012,F
69.45756,50.62473,22.35,,0.11,,,,,
69.88337,50.7957,22.41,,0.1,22.65,0.17,,,
69.85085,50.65068,22.41,,0.11,23.04,0.27,,,
69.88084,50.72534,22.44,,0.12,22.51,0.2,,,
69.65742,50.54538,22.47,,0.1,22.31,0.14,0.015,0.013,F
69.87257,50.6892,22.48,,0.12,,,,,
69.84868,50.87202,22.48,,0.07,,,,,
69.55267,50.56356,22.5,,0.11,22.86,0.26,,,
69.7297,50.75693,22.5,,0.11,,,,,
69.79616,50.9026,22.52,,0.11,,,,,
69.67306,50.56507,22.52,,0.14,,,0.018,0.03,F
69.68138,50.61223,22.54,,0.12,,,,,
69.87478,50.8472,22.58,,0.11,22.98,0.22,,,
69.7917,50.82789,22.58,,0.13,,,0.044,0.022,F
69.75926,50.6396,22.6,,0.13,,,,,
69.74031,50.63569,22.6,,0.11,,,,,
69.71244,50.65767,22.63,,0.12,,,,,
69.87733,50.69229,22.63,,0.13,22.64,0.18,,,
69.86155,50.64706,22.64,,0.12,,,,,
69.8822,50.72391,22.64,,0.11,,,,,
69.87982,50.75927,22.64,,0.11,,,,,
69.67772,50.54052,22.65,,0.12,22.54,0.21,,,
69.77959,50.58773,22.65,,0.13,,,,,
69.78598,50.67232,22.65,,0.12,22.86,0.23,0.01,0.013,F
69.73422,50.72671,22.7,,0.1,,,,,
69.77845,50.88467,22.71,,0.11,,,,,
69.88966,50.71644,22.72,,0.12,,,,,
69.52108,50.74951,22.73,,0.1,,,,,
69.47874,50.81298,22.74,,0.1,23.36,0.29,,,
69.75584,50.586,22.75,,0.12,,,,,
69.6415,50.55818,22.76,,0.12,,,,,
69.48226,50.75416,22.76,,0.11,23.14,0.23,,,
69.48502,50.82402,22.78,,0.12,,,,,
69.68803,50.54519,22.81,,0.13,,,,,
69.40441,50.79489,22.82,,0.09,,,,,
69.86289,50.77386,22.85,,0.13,,,,,
69.78072,50.83704,22.86,,0.15,,,0.109,0.055,F
69.7443,50.59667,22.91,,0.12,,,0.015,0.013,F
69.90874,50.79901,22.91,,0.15,,,,,
69.25068,50.80134,22.91,,0.14,,,0.866,0.96,M
69.77176,50.59071,22.92,,0.14,,,,,
69.64128,50.56418,22.92,,0.1,,,,,
69.27905,50.60378,22.94,,0.16,,,0.014,0.014,F
69.37688,50.55698,22.95,,0.13,,,0.014,0.018,F
69.63052,50.57548,22.95,,0.14,,,0.016,0.016,F
69.80483,50.65353,22.95,,0.1,,,,,
69.39203,50.70697,23.01,,0.14,,,,,
69.33594,50.71536,23.03,,0.14,,,,,
69.74805,50.7881,23.05,,0.12,,,,,
69.60438,50.59081,23.06,,0.15,,,,,
69.32416,50.77844,23.08,,0.2,,,,,
69.59293,50.60497,23.08,,0.2,,,,,
69.82498,50.79445,23.08,,0.14,,,,,
69.3652,50.67287,23.1,,0.12,,,,,
69.75803,50.90282,23.12,,0.16,,,0.114,0.075,F
69.60806,50.53434,23.13,,0.19,,,,,
69.32142,50.58218,23.14,,0.14,,,0.015,0.015,F
69.81715,50.79871,23.14,,0.14,,,0.009,0.008,F
69.78664,50.79643,23.15,,0.14,,,,,
69.25156,50.78554,23.15,,0.15,22.46,0.16,0.016,0.02,F
69.36915,50.69085,23.17,,0.16,,,,,
69.65818,50.55006,23.18,,0.13,,,0.01,0.008,F
69.8709,50.78823,23.22,,0.15,,,,,
69.46907,50.77498,23.22,,0.12,,,,,
69.77453,50.80388,23.24,,0.15,,,,,
69.61896,50.63743,23.24,,0.16,,,,,
69.39761,50.72009,23.25,,0.15,,,,,
69.89897,50.7028,23.25,,0.16,,,,,
69.86224,50.70983,23.27,,0.2,,,,,
69.24763,50.65197,23.28,,0.15,,,,,
69.84565,50.84101,23.28,,0.14,,,,,
69.75071,50.58817,23.29,,0.14,,,0.019,0.013,F
69.52382,50.53804,23.29,,0.13,,,0.981,0.993,M
69.44299,50.73801,23.29,,0.17,,,,,
69.70087,50.59202,23.3,,0.19,,,0.014,0.011,F
69.28277,50.67238,23.3,,0.17,,,,,
69.62404,50.56653,23.3,,0.13,,,0.056,0.042,F
69.84453,50.81261,23.31,,0.12,,,0.55,0.367,F
69.82288,50.80387,23.31,,0.15,,,,,
69.69454,50.83819,23.32,,0.15,,,,,
69.35206,50.93592,23.33,,0.19,,,,,
69.59374,50.58142,23.34,,0.14,,,0.012,0.011,F
69.5754,50.74311,23.35,,0.14,,,,,
69.82868,50.85282,23.35,,0.16,,,0.098,0.051,F
69.70861,50.54646,23.35,,0.15,,,,,
69.68694,50.58789,23.36,,0.14,,,0.016,0.011,F
69.26057,50.71529,23.38,,0.15,,,0.012,0.012,F
69.75428,50.84404,23.4,,0.16,,,,,
69.82738,50.64302,23.42,,0.17,,,,,
69.7785,50.82523,23.43,,0.16,,,,,
69.87337,50.68668,23.45,,0.24,,,,,
69.82087,50.81186,23.47,,0.22,,,0.009,0.013,F
69.78318,50.82503,23.47,,0.19,,,0.02,0.011,F
69.61812,50.58075,23.49,,0.19,,,0.018,0.025,F
69.64669,50.92792,23.51,,0.17,,,,,
69.69674,50.5487,23.52,,0.16,,,,,
69.71565,50.66067,23.52,,0.19,,,,,
69.86123,50.79287,23.53,,0.14,,,,,
69.83544,50.64597,23.57,,0.21,,,,,
69.28171,50.70216,23.58,,0.18,,,,,
69.66612,50.59805,23.58,,0.23,,,,,
69.83369,50.6766,23.58,,0.19,,,,,
69.75633,50.89342,23.61,,0.21,,,,,
69.61902,50.58737,23.61,,0.19,,,,,
69.46445,50.80751,23.62,,0.22,,,,,
69.52868,50.52395,23.62,,0.2,,,0.722,0.57,C
69.80895,50.82323,23.63,,0.2,,,0.012,0.011,F
69.53369,50.78156,23.63,,0.19,,,,,
69.78615,50.80845,23.63,,0.16,,,0.052,0.044,F
69.51113,50.70617,23.64,,0.16,,,,,
69.80144,50.63178,23.65,,0.24,,,0.016,0.011,F
69.68983,50.53775,23.65,,0.16,,,,,
69.79111,50.79889,23.67,,0.23,,,0.015,0.013,F
69.4077,50.70256,23.7,,0.21,,,,,
69.58091,50.58435,23.7,,0.21,,,,,
69.69437,50.54216,23.74,,0.24,,,,,
69.30799,50.63475,23.74,,0.23,,,,,
69.63514,50.94806,23.74,,0.27,,,,,
69.72611,50.93888,23.76,,0.22,,,,,
69.30351,50.60375,23.77,,0.2,,,0.077,0.047,F
69.89145,50.72707,23.77,,0.22,,,,,
69.81051,50.8852,23.77,,0.19,,,,,
69.80044,50.6683,23.79,,0.17,,,0.033,0.021,F
69.88352,50.822,23.79,,0.18,,,,,
69.65949,50.92988,23.81,,0.2,,,,,
69.64165,50.93926,23.81,,0.22,,,,,
69.84368,50.77505,23.82,,0.26,,,0.017,0.024,F
69.22503,50.78522,23.84,,0.19,,,0.013,0.024,F
69.55279,50.59962,23.85,,0.21,,,,,
69.76373,50.84793,23.9,,0.15,,,,,
69.69662,50.58754,23.94,,0.23,,,0.016,0.016,F
69.65356,50.54425,23.96,,0.28,,,0.015,0.01,F
69.35925,50.56096,23.99,,0.28,,,0.012,0.009,F
69.7914,50.90926,23.99,,0.25,,,,,
69.51497,50.53713,24.0,,0.32,,,,,
69.67756,50.56061,24.0,,0.24,,,0.011,0.01,F
69.73122,50.55639,24.01,,0.31,,,,,
69.37165,50.61419,24.04,,0.22,,,,,
69.69133,50.54153,24.05,,0.27,,,,,
69.72652,50.89484,24.05,,0.3,,,,,
69.9228,50.75668,24.08,,0.24,,,,,
69.81759,50.84707,24.1,,0.26,,,,,
69.66127,50.59478,24.13,,0.28,,,,,
69.84314,50.87649,24.14,,0.27,,,,,
69.83651,50.88461,24.15,,0.27,,,,,
69.66543,50.59781,24.16,,0.33,,,,,
69.85459,50.79684,24.16,,0.28,,,0.026,0.028,F
69.81723,50.61912,24.18,,0.25,,,,,
69.81521,50.8093,24.2,,0.26,,,,,
69.81412,50.80897,24.2,,0.33,,,,,
69.71505,50.56698,24.22,,0.23,,,,,
69.87654,50.76205,24.23,,0.27,,,,,
69.78781,50.83417,24.23,,0.34,,,0.115,0.056,F
69.66689,50.57315,24.26,,0.24,,,,,
69.70352,50.54359,24.26,,0.29,,,,,
69.81399,50.63926,24.28,,0.27,,,,,
69.74009,50.93647,24.28,,0.23,,,,,
69.4485,50.7997,24.29,,0.26,,,,,
69.92311,50.75568,24.29,,0.28,,,,,
69.59541,50.73645,24.3,,0.28,,,,,
69.76478,50.85028,24.31,,0.32,,,,,
69.68193,50.71171,24.33,,0.29,,,,,
69.24477,50.79932,24.33,,0.26,,,,,
69.66332,50.59958,24.34,,0.25,,,,,
69.81038,50.84364,24.34,,0.25,,,,,
69.79369,50.73666,24.34,,0.25,,,,,
69.53029,50.52858,24.35,,0.29,,,,,
69.45249,50.55807,24.36,,0.33,,,,,
69.51785,50.58959,24.37,,0.28,,,,,
69.34526,50.6757,24.39,,0.26,,,,,
69.84992,50.79619,24.4,,0.33,,,,,
69.83695,50.79438,24.41,,0.33,,,,,
69.63029,50.73312,24.41,,0.3,,,,,
69.27381,50.60606,24.41,,0.26,,,,,
69.90473,50.70387,24.41,,0.37,,,,,
69.63314,50.57459,24.42,,0.35,,,,,
69.83677,50.88504,24.43,,0.24,,,,,
69.45341,50.65942,24.44,,0.3,,,,,
69.85321,50.65245,24.44,,0.34,,,,,
69.34114,50.66799,24.44,,0.3,,,,,
69.59993,50.7094,24.44,,0.28,,,,,
69.55683,50.77995,24.45,,0.32,,,,,
69.5417,50.80027,24.45,,0.32,,,,,
69.78375,50.62028,24.45,,0.27,,,,,
69.31452,50.85251,24.45,,0.26,,,,,
69.50046,50.75859,24.46,,0.28,,,,,
69.78984,50.61812,24.46,,0.32,,,,,
69.67697,50.66003,24.46,,0.29,,,,,
69.86416,50.6861,24.46,,0.31,,,,,
69.70633,50.75697,24.46,,0.26,,,,,
69.82592,50.65716,24.48,,0.23,,,,,
69.89508,50.7041,24.49,,0.35,,,,,
69.55285,50.5456,24.49,,0.36,,,,,
69.80662,50.61771,24.5,,0.32,,,,,
69.69147,50.62114,24.51,,0.39,,,,,
69.2332,50.80396,24.51,,0.32,,,,,
69.62284,50.70337,24.51,,0.3,,,,,
69.85812,50.70477,24.51,,0.37,,,,,
69.32005,50.76585,24.52,,0.29,,,,,
69.72829,50.94251,24.52,,0.36,,,,,
69.22818,50.6572,24.52,,0.31,,,,,
69.89946,50.81558,24.52,,0.32,,,,,
69.52163,50.53224,24.53,,0.38,,,,,
69.73544,50.67517,24.54,,0.34,,,,,
69.48583,50.64365,24.56,,0.33,,,,,
69.87764,50.71634,24.56,,0.31,,,,,
69.57701,50.95148,24.57,,0.37,,,,,
69.82862,50.69087,24.57,,0.32,,,,,
69.67062,50.71902,24.59,,0.33,,,,,
69.44962,50.70557,24.59,,0.31,,,,,
69.61292,50.73973,24.59,,0.33,,,,,
69.30456,50.59099,24.59,,0.36,,,,,
69.46313,50.94074,24.59,,0.3,,,,,
69.73088,50.73586,24.59,,0.32,,,,,
69.71089,50.66143,24.6,,0.3,,,,,
69.70733,50.56377,24.6,,0.39,,,,,
69.30966,50.72016,24.6,,0.34,,,,,
69.80191,50.71266,24.6,,0.31,,,,,
69.33113,50.60067,24.6,,0.31,,,,,
69.47566,50.59331,24.6,,0.37,,,,,
69.7002,50.55383,24.61,,0.37,,,,,
69.75357,50.77246,24.61,,0.34,,,,,
69.40254,50.78485,24.62,,0.38,,,,,
69.75574,50.61247,24.62,,0.34,,,,,
69.74896,50.632,24.62,,0.36,,,,,
69.58911,50.59464,24.65,,0.31,,,,,
69.78286,50.71159,24.66,,0.37,,,,,
69.68075,50.56612,24.66,,0.32,,,,,
69.74973,50.81555,24.66,,0.32,,,,,
69.77314,50.88571,24.67,,0.36,,,,,
69.54597,50.5269,24.67,,0.37,,,,,
69.48383,50.53468,24.68,,0.38,,,,,
69.70961,50.66043,24.68,,0.36,,,,,
69.48245,50.92451,24.68,,0.39,,,,,
69.54267,50.53661,24.69,,0.35,,,,,
69.56502,50.71041,24.69,,0.38,,,,,
69.32572,50.66626,24.7,,0.3,,,,,
69.63397,50.93131,24.7,,0.34,,,,,
69.72884,50.67773,24.7,,0.32,,,,,
69.29307,50.72324,24.7,,0.4,,,,,
69.84706,50.64212,24.7,,0.32,,,,,
69.72559,50.57216,24.7,,0.33,,,,,
69.70035,50.63527,24.73,,0.32,,,,,
69.80664,50.61311,24.73,,0.34,,,,,
69.36303,50.72786,24.73,,0.36,,,,,
69.56673,50.7007,24.74,,0.34,,,,,
69.33605,50.60328,24.75,,0.34,,,,,
69.82976,50.73126,24.76,,0.34,,,,,
69.28873,50.86582,24.76,,0.38,,,0.503,0.577,F
69.46093,50.77885,24.77,,0.34,,,,,
69.84417,50.69216,24.77,,0.37,,,,,
69.62623,50.72258,24.78,,0.37,,,,,
69.79817,50.72455,24.8,,0.38,,,0.24,0.283,F
69.79896,50.78941,24.81,,0.39,,,,,
69.70627,50.80785,24.85,,0.33,,,,,
69.553,50.58204,24.92,,0.38,,,,,
69.68241,50.75694,24.94,,0.4,,,,,
69.49038,50.7129,25.01,,0.37,,,,,
69.79546,50.82904,25.05,,0.39,,,,,
69.88301,50.81846,,,,16.44,0.02,,,
69.76863,50.80702,,,,16.46,0.03,,,
69.50519,50.7084,,,,16.6,0.02,,,
69.47244,50.59813,,,,16.73,0.03,,,
69.69783,50.83805,,,,18.01,0.02,,,
69.63696,50.94856,,,,18.09,0.03,,,
69.8751,50.68647,,,,18.15,0.04,,,
69.81715,50.80838,,,,18.17,0.03,,,
69.33873,50.66127,,,,18.24,0.03,,,
69.22358,50.64472,,,,19.19,0.04,,,
69.69347,50.54143,,,,19.9,0.09,,,
69.60717,50.57114,,,,20.25,0.08,,,
69.22406,50.65021,,,,22.42,0.22,,,
69.69605,50.83732,,,,22.86,0.24,,,
69.82646,50.79477,,,,22.92,0.23,0.866,0.817,M
69.21705,50.70322,,,,23.06,0.29,,,
69.83487,50.64496,,,,23.16,0.27,,,
69.76216,50.67113,,,,23.23,0.31,,,
69.45367,50.56249,,,,23.25,0.32,,,
69.70258,50.56392,,,,23.26,0.28,,,
69.65167,50.81088,,,,23.32,0.28,,,
69.55514,50.54944,,,,23.32,0.3,,,
69.63355,50.56935,,,,23.32,0.34,,,
69.37174,50.83619,,,,23.34,0.32,,,
69.57581,50.56822,,,,23.34,0.28,,,
69.2193,50.64804,,,,23.4,0.32,,,
69.38374,50.82178,,,,23.4,0.34,,,
69.77271,50.78709,,,,23.41,0.36,,,
69.71264,50.7991,,,,23.42,0.33,,,
69.25071,50.83799,,,,23.42,0.27,,,
69.42696,50.96597,,,,23.45,0.34,,,
69.7423,50.61809,,,,23.46,0.36,,,
69.52307,50.60635,,,,23.47,0.33,,,
69.90123,50.74588,,,,23.48,0.32,,,
69.67504,50.56951,,,,23.49,0.3,,,
69.82506,50.79503,,,,23.5,0.34,,,
69.58562,50.67595,,,,23.51,0.3,,,
69.87694,50.70065,,,,23.51,0.34,,,
69.60113,50.62491,,,,23.52,0.31,,,
69.83246,50.88849,,,,23.52,0.27,,,
69.73627,50.57174,,,,23.52,0.37,,,
69.29538,50.61552,,,,23.53,0.32,0.019,0.013,F
69.75668,50.77174,,,,23.53,0.35,,,
69.83106,50.7471,,,,23.53,0.33,,,
69.71664,50.63466,,,,23.53,0.35,,,
69.7452,50.85593,,,,23.54,0.35,,,
69.66062,50.63435,,,,23.54,0.35,,,
69.70917,50.87589,,,,23.54,0.39,,,
69.22998,50.69591,,,,23.54,0.36,,,
69.46095,50.83946,,,,23.54,0.33,,,
69.21033,50.76746,,,,23.55,0.36,,,
69.47256,50.55462,,,,23.56,0.3,,,
69.82364,50.7371,,,,23.56,0.33,,,
69.67757,50.64814,,,,23.56,0.35,,,
69.51099,50.69344,,,,23.57,0.39,,,
69.64968,50.59311,,,,23.57,0.34,,,
69.6162,50.61648,,,,23.58,0.38,,,
69.34714,50.58326,,,,23.58,0.35,,,
69.73448,50.66994,,,,23.58,0.33,,,
69.69602,50.73566,,,,23.59,0.39,,,
69.72789,50.83386,,,,23.59,0.37,,,
69.84918,50.87039,,,,23.59,0.36,,,
69.42319,50.5975,,,,23.59,0.32,,,
69.56028,50.5324,,,,23.59,0.34,,,
69.52397,50.79776,,,,23.59,0.37,,,
69.75656,50.75291,,,,23.6,0.33,,,
69.67537,50.722,,,,23.6,0.31,,,
69.8769,50.79324,,,,23.6,0.34,,,
69.6555,50.57293,,,,23.6,0.36,,,
69.50387,50.52935,,,,23.6,0.33,,,
69.66428,50.53305,,,,23.6,0.36,,,
69.83437,50.89137,,,,23.6,0.32,,,
69.29373,50.70632,,,,23.61,0.37,,,
69.56402,50.56632,,,,23.62,0.35,,,
69.88596,50.72234,,,,23.62,0.33,,,
69.77134,50.77181,,,,23.62,0.35,,,
69.55682,50.58053,,,,23.63,0.39,,,
69.5814,50.77841,,,,23.63,0.32,,,
69.38432,50.56816,,,,23.63,0.32,,,
69.77781,50.71432,,,,23.63,0.33,,,
69.50553,50.8397,,,,23.63,0.38,,,
69.81078,50.89561,,,,23.63,0.38,,,
69.38331,50.64255,,,,23.64,0.39,,,
69.62007,50.80169,,,,23.64,0.34,,,
69.69668,50.77388,,,,23.64,0.32,,,
69.79332,50.84642,,,,23.66,0.33,,,
69.43855,50.56291,,,,23.66,0.38,,,
69.71688,50.85321,,,,23.67,0.36,,,
69.42522,50.55965,,,,23.68,0.33,,,
69.79134,50.86644,,,,23.68,0.39,,,
69.81696,50.60856,,,,23.69,0.38,,,
69.62431,50.79546,,,,23.69,0.38,,,
69.699,50.73081,,,,23.69,0.34,,,
69.28447,50.62165,,,,23.7,0.39,,,
69.54228,50.70948,,,,23.7,0.38,,,
69.4818,50.65785,,,,23.7,0.39,,,
69.59268,50.93613,,,,23.71,0.37,,,
69.83088,50.80879,,,,23.71,0.36,,,
69.82948,50.67379,,,,23.71,0.37,,,
69.31723,50.69481,,,,23.71,0.36,,,
69.58297,50.6362,,,,23.71,0.35,,,
69.52552,50.60324,,,,23.71,0.32,,,
69.41771,50.5574,,,,23.72,0.38,,,
69.5013,50.65151,,,,23.72,0.34,,,
69.74496,50.67186,,,,23.72,0.33,,,
69.68036,50.54813,,,,23.73,0.37,,,
69.63195,50.55832,,,,23.73,0.39,0.018,0.01,F
69.40699,50.77845,,,,23.74,0.34,,,
69.40055,50.69329,,,,23.74,0.36,,,
69.22288,50.67025,,,,23.74,0.37,,,
69.84654,50.67612,,,,23.75,0.38,,,
69.84911,50.78369,,,,23.75,0.4,,,
69.23142,50.8323,,,,23.76,0.36,,,
69.52863,50.73056,,,,23.76,0.38,,,
69.75287,50.67108,,,,23.76,0.4,,,
69.77724,50.5831,,,,23.76,0.38,,,
69.24549,50.83901,,,,23.76,0.3,,,
69.77985,50.8163,,,,23.77,0.38,,,
69.39588,50.58237,,,,23.77,0.38,,,
69.72954,50.6431,,,,23.77,0.38,,,
69.84869,50.63095,,,,23.78,0.36,,,
69.50822,50.53953,,,,23.78,0.36,,,
69.82454,50.68026,,,,23.78,0.39,,,
69.60566,50.70947,,,,23.78,0.37,,,
69.67251,50.59202,,,,23.79,0.35,,,
69.483,50.60524,,,,23.8,0.4,,,
69.76904,50.82639,,,,23.81,0.36,,,
69.70009,50.78383,,,,23.81,0.37,,,
69.4511,50.6047,,,,23.81,0.34,,,
69.83097,50.68129,,,,23.81,0.36,,,
69.71021,50.64636,,,,23.82,0.4,,,
69.297,50.65625,,,,23.82,0.36,,,
69.4714,50.58411,,,,23.82,0.37,,,
69.38918,50.69211,,,,23.83,0.4,,,
69.72027,50.69,,,,23.85,0.32,,,
69.62854,50.92212,,,,23.86,0.4,,,
69.76077,50.9351,,,,23.88,0.4,,,
69.41548,50.67694,,,,23.88,0.36,,,
69.83142,50.75467,,,,23.9,0.36,,,
69.72313,50.59455,,,,23.9,0.37,,,
69.40352,50.65466,,,,23.92,0.37,,,
69.39998,50.79947,,,,23.95,0.4,,,
69.24677,50.79493,,,,24.0,0.4,,,
69.73456,50.57576,,,,24.0,0.39,,,
69.80493,50.70593,,,,24.11,0.38,,,
